# Job started on: Wed Aug  4 01:17:48 CEST 2021 ........
# FONLL heavy quark hadroproduction cross section, calculated on Wed Aug  4 01:19:06 CEST 2021
# FONLL version and perturbative order: ## FONLL v1.3.2 fonll [ds/dpt^2dy (pb/GeV^2)]
# quark = charm
# final state = meson (meson = D0). NP params (cm,lm,hm) = 0.1, 0.06, 0.135
# BR(q->meson) = 1
# ebeam1 = 6500, ebeam2 = 6500
# PDF set = CTEQ6.6
# ptmin = 0
# ptmax = 12
# ymin  = -0.5
# ymax  = 0.5
# Uncertainties from scales, masses, PDFs combined quadratically
# cross section is ds/dpt (pb/GeV)
# pt      central      min       max       min_sc     max_sc     min_mass   max_mass     min_pdf    max_pdf   fr=.5 .5     fr=2 2     fr=2 1     fr=1 2    fr=1 .5    fr=.5 1
pt central min max min_sc max_sc min_mass max_mass min_pdf max_pdf fr=.5.5 fr=22 fr=21 fr=12 fr=1.5 fr=.51
0.1008 3.3033e+07 5.8403e+06 1.2300e+08 1.6308e+07 1.2139e+08 1.9327e+07 3.7023e+07 1.6545e+07 4.9534e+07 9.4465e+07 9.1075e+07 1.2139e+08 1.6308e+07 1.1814e+08 1.9995e+07
0.2017 6.0797e+07 1.3620e+07 2.1192e+08 3.0457e+07 2.0906e+08 3.9098e+07 6.5513e+07 3.1912e+07 8.9686e+07 1.5230e+08 1.5758e+08 2.0227e+08 3.0457e+07 2.0906e+08 3.2762e+07
0.3025 8.6486e+07 2.0208e+07 2.8816e+08 3.9680e+07 2.8432e+08 6.0378e+07 8.9870e+07 4.7495e+07 1.2547e+08 1.8147e+08 2.1070e+08 2.6264e+08 4.4048e+07 2.8432e+08 3.9680e+07
0.4034 1.1188e+08 2.3882e+07 3.5619e+08 4.2490e+07 3.5153e+08 8.5914e+07 1.1188e+08 6.4398e+07 1.5936e+08 1.8996e+08 2.5586e+08 3.1570e+08 5.7898e+07 3.5153e+08 4.2490e+07
0.5042 1.3725e+08 2.6061e+07 4.1874e+08 4.2681e+07 4.1341e+08 1.1608e+08 1.3725e+08 8.2741e+07 1.9176e+08 1.8535e+08 2.9474e+08 3.6658e+08 7.2052e+07 4.1341e+08 4.2681e+07
0.6050 1.6257e+08 2.6654e+07 4.7754e+08 4.1345e+07 4.7173e+08 1.5033e+08 1.6257e+08 1.0234e+08 2.2281e+08 1.7372e+08 3.2860e+08 4.1811e+08 8.6382e+07 4.7173e+08 4.1345e+07
0.7059 1.8729e+08 2.4506e+07 5.3235e+08 3.9273e+07 5.2623e+08 1.6716e+08 1.8729e+08 1.2261e+08 2.5198e+08 1.5943e+08 3.5767e+08 4.6964e+08 1.0052e+08 5.2623e+08 3.9273e+07
0.8067 2.1060e+08 2.2099e+07 5.8178e+08 3.7068e+07 5.7526e+08 1.8200e+08 2.2460e+08 1.4276e+08 2.7843e+08 1.4512e+08 3.8142e+08 5.1828e+08 1.1400e+08 5.7526e+08 3.7068e+07
0.9076 2.3153e+08 2.0084e+07 6.2385e+08 3.5296e+07 6.1655e+08 1.9476e+08 2.6040e+08 1.6188e+08 3.0115e+08 1.3221e+08 3.9908e+08 5.5997e+08 1.2627e+08 6.1655e+08 3.5296e+07
1.0084 2.4923e+08 1.8491e+07 6.5729e+08 3.3904e+07 6.4890e+08 2.0511e+08 2.9222e+08 1.7903e+08 3.1943e+08 1.2111e+08 4.1065e+08 5.9275e+08 1.3686e+08 6.4890e+08 3.3904e+07
1.1092 2.6294e+08 1.7340e+07 6.7976e+08 3.2796e+07 6.7020e+08 2.1275e+08 3.1807e+08 1.9341e+08 3.3250e+08 1.1159e+08 4.1547e+08 6.1382e+08 1.4538e+08 6.7020e+08 3.2796e+07
1.2101 2.7245e+08 1.6668e+07 6.9039e+08 3.1986e+07 6.7973e+08 2.1770e+08 3.3720e+08 2.0460e+08 3.4033e+08 1.0358e+08 4.1361e+08 6.2230e+08 1.5167e+08 6.7973e+08 3.1986e+07
1.3109 2.7796e+08 1.6459e+07 6.9037e+08 3.1479e+07 6.7877e+08 2.2013e+08 3.4975e+08 2.1250e+08 3.4339e+08 9.7100e+07 4.0617e+08 6.1966e+08 1.5574e+08 6.7877e+08 3.1479e+07
1.4118 2.7935e+08 1.6740e+07 6.8099e+08 3.1264e+07 6.6876e+08 2.1998e+08 3.5543e+08 2.1696e+08 3.4168e+08 9.1962e+07 3.9422e+08 6.0765e+08 1.5760e+08 6.6876e+08 3.1264e+07
1.5126 2.7723e+08 1.7498e+07 6.6387e+08 3.1366e+07 6.5130e+08 2.1761e+08 3.5537e+08 2.1844e+08 3.3604e+08 8.8163e+07 3.7883e+08 5.8821e+08 1.5759e+08 6.5130e+08 3.1366e+07
1.6134 2.7223e+08 1.8881e+07 6.4052e+08 3.2022e+07 6.2786e+08 2.1340e+08 3.5052e+08 2.1723e+08 3.2728e+08 8.6276e+07 3.6092e+08 5.6313e+08 1.5590e+08 6.2786e+08 3.2022e+07
1.7143 2.6492e+08 2.0916e+07 6.1243e+08 3.3312e+07 5.9992e+08 2.0770e+08 3.4184e+08 2.1371e+08 3.1614e+08 8.6460e+07 3.4134e+08 5.3410e+08 1.5279e+08 5.9992e+08 3.3312e+07
1.8151 2.5582e+08 2.3592e+07 5.8117e+08 3.5241e+07 5.6897e+08 2.0082e+08 3.3026e+08 2.0838e+08 3.0323e+08 8.8604e+07 3.2093e+08 5.0275e+08 1.4857e+08 5.6897e+08 3.5241e+07
1.9160 2.4539e+08 2.7025e+07 5.4844e+08 3.7952e+07 5.3670e+08 1.9304e+08 3.1660e+08 2.0166e+08 2.8909e+08 9.2818e+07 3.0053e+08 4.7080e+08 1.4354e+08 5.3670e+08 3.7952e+07
2.0168 2.3405e+08 3.0886e+07 5.1494e+08 4.1118e+07 5.0374e+08 1.8461e+08 3.0156e+08 1.9394e+08 2.7416e+08 9.8313e+07 2.8042e+08 4.3887e+08 1.3792e+08 5.0374e+08 4.1118e+07
2.1176 2.2224e+08 3.4427e+07 4.8153e+08 4.3995e+07 4.7093e+08 1.7584e+08 2.8575e+08 1.8551e+08 2.5899e+08 1.0316e+08 2.6093e+08 4.0764e+08 1.3191e+08 4.7093e+08 4.3995e+07
2.2185 2.1025e+08 3.7490e+07 4.4885e+08 4.6425e+07 4.3888e+08 1.6692e+08 2.6962e+08 1.7664e+08 2.4387e+08 1.0652e+08 2.4229e+08 3.7762e+08 1.2565e+08 4.3888e+08 4.6425e+07
2.3193 1.9827e+08 4.0038e+07 4.1728e+08 4.8369e+07 4.0796e+08 1.5797e+08 2.5350e+08 1.6756e+08 2.2898e+08 1.0842e+08 2.2462e+08 3.4907e+08 1.1929e+08 4.0796e+08 4.8369e+07
2.4202 1.8650e+08 4.1680e+07 3.8716e+08 4.9418e+07 3.7848e+08 1.4914e+08 2.3772e+08 1.5848e+08 2.1452e+08 1.0887e+08 2.0799e+08 3.2219e+08 1.1297e+08 3.7848e+08 4.9418e+07
2.5210 1.7507e+08 4.2587e+07 3.5866e+08 4.9753e+07 3.5059e+08 1.4051e+08 2.2242e+08 1.4951e+08 2.0062e+08 1.0801e+08 1.9243e+08 2.9703e+08 1.0674e+08 3.5059e+08 4.9753e+07
2.6218 1.6406e+08 4.2933e+07 3.3186e+08 4.9556e+07 3.2439e+08 1.3216e+08 2.0774e+08 1.4075e+08 1.8737e+08 1.0603e+08 1.7793e+08 2.7363e+08 1.0067e+08 3.2439e+08 4.9556e+07
2.7227 1.5355e+08 4.2854e+07 3.0682e+08 4.8968e+07 2.9991e+08 1.2414e+08 1.9378e+08 1.3229e+08 1.7480e+08 1.0318e+08 1.6447e+08 2.5194e+08 9.4813e+07 2.9991e+08 4.8968e+07
2.8235 1.4355e+08 4.2458e+07 2.8350e+08 4.8100e+07 2.7711e+08 1.1648e+08 1.8057e+08 1.2416e+08 1.6295e+08 9.9819e+07 1.5201e+08 2.3192e+08 8.9187e+07 2.7711e+08 4.8100e+07
2.9244 1.3411e+08 4.1828e+07 2.6185e+08 4.7036e+07 2.5596e+08 1.0919e+08 1.6813e+08 1.1641e+08 1.5181e+08 9.6361e+07 1.4051e+08 2.1350e+08 8.3815e+07 2.5596e+08 4.7036e+07
3.0252 1.2520e+08 4.1025e+07 2.4182e+08 4.5834e+07 2.3638e+08 1.0229e+08 1.5646e+08 1.0904e+08 1.4137e+08 9.2726e+07 1.2990e+08 1.9656e+08 7.8706e+07 2.3638e+08 4.5834e+07
3.1261 1.1684e+08 4.0058e+07 2.2330e+08 4.4499e+07 2.1829e+08 9.5766e+07 1.4554e+08 1.0206e+08 1.3161e+08 8.8924e+07 1.2013e+08 1.8103e+08 7.3864e+07 2.1829e+08 4.4499e+07
3.2269 1.0899e+08 3.8955e+07 2.0620e+08 4.3057e+07 2.0158e+08 8.9621e+07 1.3536e+08 9.5483e+07 1.2250e+08 8.5040e+07 1.1114e+08 1.6678e+08 6.9287e+07 2.0158e+08 4.3057e+07
3.3277 1.0165e+08 3.7755e+07 1.9044e+08 4.1545e+07 1.8618e+08 8.3846e+07 1.2586e+08 8.9290e+07 1.1402e+08 8.1140e+07 1.0287e+08 1.5373e+08 6.4972e+07 1.8618e+08 4.1545e+07
3.4286 9.4797e+07 3.6488e+07 1.7592e+08 3.9991e+07 1.7199e+08 7.8427e+07 1.1703e+08 8.3473e+07 1.0612e+08 7.7274e+07 9.5268e+07 1.4178e+08 6.0909e+07 1.7199e+08 3.9991e+07
3.5294 8.8400e+07 3.5179e+07 1.6256e+08 3.8418e+07 1.5893e+08 7.3350e+07 1.0882e+08 7.8018e+07 9.8781e+07 7.3479e+07 8.8279e+07 1.3084e+08 5.7090e+07 1.5893e+08 3.8418e+07
3.6303 8.2436e+07 3.3847e+07 1.5026e+08 3.6844e+07 1.4691e+08 6.8598e+07 1.0120e+08 7.2909e+07 9.1963e+07 6.9782e+07 8.1857e+07 1.2083e+08 5.3505e+07 1.4691e+08 3.6844e+07
3.7311 7.6884e+07 3.2512e+07 1.3895e+08 3.5286e+07 1.3586e+08 6.4158e+07 9.4127e+07 6.8133e+07 8.5634e+07 6.6204e+07 7.5953e+07 1.1166e+08 5.0145e+07 1.3586e+08 3.5286e+07
3.8319 7.1723e+07 3.1188e+07 1.2855e+08 3.3757e+07 1.2570e+08 6.0020e+07 8.7569e+07 6.3678e+07 7.9768e+07 6.2757e+07 7.0521e+07 1.0327e+08 4.7002e+07 1.2570e+08 3.3757e+07
3.9328 6.6929e+07 2.9882e+07 1.1899e+08 3.2262e+07 1.1636e+08 5.6164e+07 8.1492e+07 5.9526e+07 7.4332e+07 5.9448e+07 6.5523e+07 9.5572e+07 4.4066e+07 1.1636e+08 3.2262e+07
4.0336 6.2477e+07 2.8601e+07 1.1021e+08 3.0807e+07 1.0778e+08 5.2573e+07 7.5863e+07 5.5659e+07 6.9295e+07 5.6280e+07 6.0922e+07 8.8517e+07 4.1323e+07 1.0778e+08 3.0807e+07
4.1345 5.8343e+07 2.7348e+07 1.0213e+08 2.9393e+07 9.9890e+07 4.9229e+07 7.0650e+07 5.2057e+07 6.4629e+07 5.3254e+07 5.6685e+07 8.2047e+07 3.8761e+07 9.9890e+07 2.9393e+07
4.2353 5.4505e+07 2.6126e+07 9.4702e+07 2.8023e+07 9.2637e+07 4.6115e+07 6.5822e+07 4.8703e+07 6.0307e+07 5.0370e+07 5.2782e+07 7.6111e+07 3.6369e+07 9.2637e+07 2.8023e+07
4.3361 5.0942e+07 2.4939e+07 8.7874e+07 2.6698e+07 8.5969e+07 4.3217e+07 6.1352e+07 4.5581e+07 5.6302e+07 4.7623e+07 4.9185e+07 7.0664e+07 3.4135e+07 8.5969e+07 2.6698e+07
4.4370 4.7633e+07 2.3786e+07 8.1596e+07 2.5419e+07 7.9838e+07 4.0518e+07 5.7211e+07 4.2675e+07 5.2592e+07 4.5012e+07 4.5868e+07 6.5662e+07 3.2049e+07 7.9838e+07 2.5419e+07
4.5378 4.4564e+07 2.2676e+07 7.5823e+07 2.4193e+07 7.4200e+07 3.8006e+07 5.3381e+07 3.9972e+07 4.9156e+07 4.2540e+07 4.2808e+07 6.1064e+07 3.0104e+07 7.4200e+07 2.4193e+07
4.6387 4.1719e+07 2.1615e+07 7.0513e+07 2.3025e+07 6.9014e+07 3.5671e+07 4.9840e+07 3.7462e+07 4.5976e+07 4.0207e+07 3.9979e+07 5.6831e+07 2.8293e+07 6.9014e+07 2.3025e+07
4.7395 3.9080e+07 2.0601e+07 6.5627e+07 2.1913e+07 6.4241e+07 3.3497e+07 4.6566e+07 3.5130e+07 4.3030e+07 3.8006e+07 3.7363e+07 5.2932e+07 2.6605e+07 6.4241e+07 2.1913e+07
4.8403 3.6630e+07 1.9632e+07 6.1126e+07 2.0854e+07 5.9844e+07 3.1473e+07 4.3537e+07 3.2961e+07 4.0300e+07 3.5931e+07 3.4943e+07 4.9337e+07 2.5032e+07 5.9844e+07 2.0854e+07
4.9412 3.4355e+07 1.8706e+07 5.6977e+07 1.9846e+07 5.5790e+07 2.9588e+07 4.0731e+07 3.0943e+07 3.7767e+07 3.3975e+07 3.2702e+07 4.6021e+07 2.3564e+07 5.5790e+07 1.9846e+07
5.0420 3.2241e+07 1.7823e+07 5.3149e+07 1.8886e+07 5.2050e+07 2.7831e+07 3.8130e+07 2.9066e+07 3.5416e+07 3.2130e+07 3.0626e+07 4.2960e+07 2.2194e+07 5.2050e+07 1.8886e+07
5.1429 3.0275e+07 1.6980e+07 4.9616e+07 1.7973e+07 4.8596e+07 2.6193e+07 3.5719e+07 2.7317e+07 3.3234e+07 3.0390e+07 2.8702e+07 4.0133e+07 2.0915e+07 4.8596e+07 1.7973e+07
5.2437 2.8446e+07 1.6175e+07 4.6351e+07 1.7103e+07 4.5406e+07 2.4665e+07 3.3481e+07 2.5687e+07 3.1205e+07 2.8749e+07 2.6918e+07 3.7520e+07 1.9719e+07 4.5406e+07 1.7103e+07
5.3445 2.6743e+07 1.5407e+07 4.3334e+07 1.6274e+07 4.2456e+07 2.3239e+07 3.1404e+07 2.4168e+07 2.9319e+07 2.7202e+07 2.5262e+07 3.5104e+07 1.8602e+07 4.2456e+07 1.6274e+07
5.4454 2.5157e+07 1.4675e+07 4.0542e+07 1.5486e+07 3.9727e+07 2.1908e+07 2.9473e+07 2.2750e+07 2.7564e+07 2.5743e+07 2.3724e+07 3.2868e+07 1.7556e+07 3.9727e+07 1.5486e+07
5.5462 2.3678e+07 1.3978e+07 3.7958e+07 1.4738e+07 3.7200e+07 2.0663e+07 2.7679e+07 2.1427e+07 2.5930e+07 2.4369e+07 2.2294e+07 3.0796e+07 1.6577e+07 3.7200e+07 1.4738e+07
5.6471 2.2300e+07 1.3317e+07 3.5563e+07 1.4028e+07 3.4858e+07 1.9499e+07 2.6011e+07 2.0192e+07 2.4407e+07 2.3075e+07 2.0964e+07 2.8875e+07 1.5661e+07 3.4858e+07 1.4028e+07
5.7479 2.1013e+07 1.2688e+07 3.3343e+07 1.3356e+07 3.2686e+07 1.8410e+07 2.4458e+07 1.9039e+07 2.2987e+07 2.1856e+07 1.9726e+07 2.7093e+07 1.4803e+07 3.2686e+07 1.3356e+07
5.8487 1.9812e+07 1.2091e+07 3.1283e+07 1.2718e+07 3.0670e+07 1.7391e+07 2.3013e+07 1.7960e+07 2.1663e+07 2.0708e+07 1.8572e+07 2.5438e+07 1.3999e+07 3.0670e+07 1.2718e+07
5.9496 1.8689e+07 1.1524e+07 2.9370e+07 1.2113e+07 2.8798e+07 1.6437e+07 2.1666e+07 1.6952e+07 2.0427e+07 1.9626e+07 1.7497e+07 2.3900e+07 1.3245e+07 2.8798e+07 1.2113e+07
6.0504 1.7640e+07 1.0985e+07 2.7592e+07 1.1539e+07 2.7058e+07 1.5543e+07 2.0410e+07 1.6009e+07 1.9272e+07 1.8607e+07 1.6494e+07 2.2469e+07 1.2538e+07 2.7058e+07 1.1539e+07
6.1513 1.6659e+07 1.0474e+07 2.5938e+07 1.0994e+07 2.5439e+07 1.4705e+07 1.9238e+07 1.5125e+07 1.8193e+07 1.7646e+07 1.5557e+07 2.1138e+07 1.1874e+07 2.5439e+07 1.0994e+07
6.2521 1.5741e+07 9.9874e+06 2.4399e+07 1.0478e+07 2.3932e+07 1.3919e+07 1.8144e+07 1.4298e+07 1.7184e+07 1.6740e+07 1.4683e+07 1.9899e+07 1.1252e+07 2.3932e+07 1.0478e+07
6.3529 1.4882e+07 9.5255e+06 2.2965e+07 9.9876e+06 2.2529e+07 1.3181e+07 1.7123e+07 1.3523e+07 1.6240e+07 1.5885e+07 1.3866e+07 1.8744e+07 1.0666e+07 2.2529e+07 9.9876e+06
6.4538 1.4077e+07 9.0866e+06 2.1629e+07 9.5223e+06 2.1220e+07 1.2489e+07 1.6167e+07 1.2797e+07 1.5356e+07 1.5079e+07 1.3101e+07 1.7666e+07 1.0116e+07 2.1220e+07 9.5223e+06
6.5546 1.3322e+07 8.6695e+06 2.0384e+07 9.0804e+06 2.0000e+07 1.1839e+07 1.5274e+07 1.2116e+07 1.4529e+07 1.4318e+07 1.2386e+07 1.6661e+07 9.5992e+06 2.0000e+07 9.0804e+06
6.6555 1.2614e+07 8.2730e+06 1.9221e+07 8.6610e+06 1.8861e+07 1.1228e+07 1.4438e+07 1.1476e+07 1.3753e+07 1.3600e+07 1.1716e+07 1.5723e+07 9.1128e+06 1.8861e+07 8.6610e+06
6.7563 1.1950e+07 7.8964e+06 1.8135e+07 8.2628e+06 1.7798e+07 1.0654e+07 1.3655e+07 1.0875e+07 1.3025e+07 1.2923e+07 1.1089e+07 1.4846e+07 8.6548e+06 1.7798e+07 8.2628e+06
6.8571 1.1326e+07 7.5387e+06 1.7121e+07 7.8848e+06 1.6804e+07 1.0113e+07 1.2921e+07 1.0311e+07 1.2342e+07 1.2283e+07 1.0501e+07 1.4026e+07 8.2233e+06 1.6804e+07 7.8848e+06
6.9580 1.0740e+07 7.1986e+06 1.6172e+07 7.5260e+06 1.5874e+07 9.6046e+06 1.2233e+07 9.7802e+06 1.1700e+07 1.1678e+07 9.9490e+06 1.3259e+07 7.8167e+06 1.5874e+07 7.5260e+06
7.0588 1.0189e+07 6.8756e+06 1.5284e+07 7.1852e+06 1.5004e+07 9.1254e+06 1.1587e+07 9.2810e+06 1.1097e+07 1.1107e+07 9.4310e+06 1.2541e+07 7.4334e+06 1.5004e+07 7.1852e+06
7.1597 9.6709e+06 6.5685e+06 1.4453e+07 6.8616e+06 1.4190e+07 8.6739e+06 1.0980e+07 8.8113e+06 1.0531e+07 1.0567e+07 8.9445e+06 1.1868e+07 7.0718e+06 1.4190e+07 6.8616e+06
7.2605 9.1832e+06 6.2765e+06 1.3675e+07 6.5542e+06 1.3426e+07 8.2483e+06 1.0411e+07 8.3690e+06 9.9974e+06 1.0056e+07 8.4873e+06 1.1238e+07 6.7306e+06 1.3426e+07 6.5542e+06
7.3613 8.7240e+06 5.9990e+06 1.2945e+07 6.2621e+06 1.2711e+07 7.8468e+06 9.8758e+06 7.9524e+06 9.4956e+06 9.5737e+06 8.0574e+06 1.0646e+07 6.4084e+06 1.2711e+07 6.2621e+06
7.4622 8.2915e+06 5.7351e+06 1.2261e+07 5.9846e+06 1.2040e+07 7.4681e+06 9.3726e+06 7.5598e+06 9.0232e+06 9.1170e+06 7.6530e+06 1.0091e+07 6.1042e+06 1.2040e+07 5.9846e+06
7.5630 7.8839e+06 5.4840e+06 1.1618e+07 5.7207e+06 1.1410e+07 7.1106e+06 8.8993e+06 7.1896e+06 8.5782e+06 8.6848e+06 7.2723e+06 9.5696e+06 5.8168e+06 1.1410e+07 5.7207e+06
7.6639 7.4996e+06 5.2452e+06 1.1015e+07 5.4699e+06 1.0818e+07 6.7730e+06 8.4538e+06 6.8405e+06 8.1588e+06 8.2757e+06 6.9138e+06 9.0798e+06 5.5451e+06 1.0818e+07 5.4699e+06
7.7647 7.1372e+06 5.0181e+06 1.0448e+07 5.2314e+06 1.0262e+07 6.4541e+06 8.0344e+06 6.5111e+06 7.7633e+06 7.8884e+06 6.5759e+06 8.6192e+06 5.2882e+06 1.0262e+07 5.2314e+06
7.8655 6.7952e+06 4.8019e+06 9.9154e+06 5.0046e+06 9.7395e+06 6.1527e+06 7.6392e+06 6.2002e+06 7.3903e+06 7.5215e+06 6.2575e+06 8.1860e+06 5.0452e+06 9.7395e+06 5.0046e+06
7.9664 6.4724e+06 4.5961e+06 9.4142e+06 4.7888e+06 9.2478e+06 5.8677e+06 7.2669e+06 5.9066e+06 7.0382e+06 7.1739e+06 5.9571e+06 7.7783e+06 4.8153e+06 9.2478e+06 4.7888e+06
8.0672 6.1675e+06 4.4002e+06 8.9426e+06 4.5834e+06 8.7850e+06 5.5981e+06 6.9158e+06 5.6292e+06 6.7059e+06 6.8446e+06 5.6736e+06 7.3943e+06 4.5976e+06 8.7850e+06 4.5834e+06
8.1681 5.8794e+06 4.2138e+06 8.4986e+06 4.3881e+06 8.3493e+06 5.3430e+06 6.5845e+06 5.3670e+06 6.3919e+06 6.5325e+06 5.4060e+06 7.0326e+06 4.3914e+06 8.3493e+06 4.3881e+06
8.2689 5.6070e+06 4.0307e+06 8.0806e+06 4.1960e+06 7.9390e+06 5.1014e+06 6.2718e+06 5.1190e+06 6.0951e+06 6.2368e+06 5.1532e+06 6.6917e+06 4.1960e+06 7.9390e+06 4.2023e+06
8.3697 5.3494e+06 3.8543e+06 7.6866e+06 4.0108e+06 7.5523e+06 4.8726e+06 5.9765e+06 4.8844e+06 5.8145e+06 5.9563e+06 4.9142e+06 6.3702e+06 4.0108e+06 7.5523e+06 4.0254e+06
8.4706 5.1056e+06 3.6868e+06 7.3151e+06 3.8351e+06 7.1877e+06 4.6558e+06 5.6975e+06 4.6623e+06 5.5490e+06 5.6904e+06 4.6883e+06 6.0669e+06 3.8351e+06 7.1877e+06 3.8570e+06
8.5714 4.8748e+06 3.5278e+06 6.9647e+06 3.6685e+06 6.8437e+06 4.4503e+06 5.4338e+06 4.4520e+06 5.2977e+06 5.4380e+06 4.4745e+06 5.7805e+06 3.6685e+06 6.8437e+06 3.6967e+06
8.6723 4.6562e+06 3.3769e+06 6.6340e+06 3.5103e+06 6.5190e+06 4.2553e+06 5.1843e+06 4.2528e+06 5.0597e+06 5.1985e+06 4.2722e+06 5.5099e+06 3.5103e+06 6.5190e+06 3.5440e+06
8.7731 4.4491e+06 3.2334e+06 6.3217e+06 3.3600e+06 6.2124e+06 4.0703e+06 4.9483e+06 4.0639e+06 4.8343e+06 4.9712e+06 4.0806e+06 5.2543e+06 3.3600e+06 6.2124e+06 3.3985e+06
8.8739 4.2528e+06 3.0971e+06 6.0266e+06 3.2174e+06 5.9226e+06 3.8947e+06 4.7249e+06 3.8849e+06 4.6206e+06 4.7552e+06 3.8991e+06 5.0125e+06 3.2174e+06 5.9226e+06 3.2599e+06
8.9748 4.0666e+06 2.9675e+06 5.7477e+06 3.0818e+06 5.6487e+06 3.7280e+06 4.5133e+06 3.7151e+06 4.4181e+06 4.5501e+06 3.7271e+06 4.7838e+06 3.0818e+06 5.6487e+06 3.1277e+06
9.0756 3.8899e+06 2.8442e+06 5.4839e+06 2.9529e+06 5.3896e+06 3.5696e+06 4.3128e+06 3.5539e+06 4.2259e+06 4.3552e+06 3.5640e+06 4.5674e+06 2.9529e+06 5.3896e+06 3.0018e+06
9.1765 3.7223e+06 2.7269e+06 5.2343e+06 2.8303e+06 5.1444e+06 3.4191e+06 4.1227e+06 3.4010e+06 4.0436e+06 4.1699e+06 3.4093e+06 4.3624e+06 2.8303e+06 5.1444e+06 2.8816e+06
9.2773 3.5631e+06 2.6152e+06 4.9980e+06 2.7136e+06 4.9123e+06 3.2760e+06 3.9425e+06 3.2557e+06 3.8705e+06 3.9937e+06 3.2624e+06 4.1683e+06 2.7136e+06 4.9123e+06 2.7670e+06
9.3782 3.4119e+06 2.5089e+06 4.7742e+06 2.6027e+06 4.6925e+06 3.1400e+06 3.7716e+06 3.1177e+06 3.7061e+06 3.8262e+06 3.1231e+06 3.9843e+06 2.6027e+06 4.6925e+06 2.6577e+06
9.4790 3.2682e+06 2.4077e+06 4.5622e+06 2.4970e+06 4.4842e+06 3.0105e+06 3.6093e+06 2.9865e+06 3.5499e+06 3.6668e+06 2.9907e+06 3.8098e+06 2.4970e+06 4.4842e+06 2.5534e+06
9.5798 3.1316e+06 2.3112e+06 4.3612e+06 2.3964e+06 4.2867e+06 2.8873e+06 3.4553e+06 2.8618e+06 3.4014e+06 3.5151e+06 2.8649e+06 3.6443e+06 2.3964e+06 4.2867e+06 2.4538e+06
9.6807 3.0017e+06 2.2193e+06 4.1705e+06 2.3005e+06 4.0994e+06 2.7700e+06 3.3090e+06 2.7432e+06 3.2603e+06 3.3706e+06 2.7454e+06 3.4872e+06 2.3005e+06 4.0994e+06 2.3586e+06
9.7815 2.8782e+06 2.1317e+06 3.9897e+06 2.2092e+06 3.9217e+06 2.6583e+06 3.1700e+06 2.6304e+06 3.1260e+06 3.2331e+06 2.6317e+06 3.3380e+06 2.2092e+06 3.9217e+06 2.2678e+06
9.8824 2.7606e+06 2.0481e+06 3.8181e+06 2.1221e+06 3.7530e+06 2.5519e+06 3.0379e+06 2.5230e+06 2.9982e+06 3.1022e+06 2.5236e+06 3.1964e+06 2.1221e+06 3.7530e+06 2.1811e+06
9.9832 2.6487e+06 1.9683e+06 3.6551e+06 2.0391e+06 3.5929e+06 2.4505e+06 2.9122e+06 2.4207e+06 2.8766e+06 2.9774e+06 2.4207e+06 3.0619e+06 2.0391e+06 3.5929e+06 2.0982e+06
10.0840 2.5421e+06 1.8922e+06 3.5004e+06 1.9598e+06 3.4408e+06 2.3538e+06 2.7927e+06 2.3233e+06 2.7609e+06 2.8586e+06 2.3228e+06 2.9341e+06 1.9598e+06 3.4408e+06 2.0191e+06
10.1849 2.4405e+06 1.8196e+06 3.3533e+06 1.8842e+06 3.2963e+06 2.2616e+06 2.6789e+06 2.2305e+06 2.6506e+06 2.7452e+06 2.2295e+06 2.8126e+06 1.8842e+06 3.2963e+06 1.9434e+06
10.2857 2.3438e+06 1.7502e+06 3.2136e+06 1.8120e+06 3.1589e+06 2.1736e+06 2.5706e+06 2.1421e+06 2.5454e+06 2.6372e+06 2.1407e+06 2.6970e+06 1.8120e+06 3.1589e+06 1.8710e+06
10.3866 2.2515e+06 1.6839e+06 3.0807e+06 1.7431e+06 3.0282e+06 2.0897e+06 2.4675e+06 2.0578e+06 2.4452e+06 2.5341e+06 2.0560e+06 2.5870e+06 1.7431e+06 3.0282e+06 1.8018e+06
10.4874 2.1635e+06 1.6206e+06 2.9542e+06 1.6773e+06 2.9040e+06 2.0096e+06 2.3692e+06 1.9774e+06 2.3497e+06 2.4358e+06 1.9753e+06 2.4823e+06 1.6773e+06 2.9040e+06 1.7356e+06
10.5882 2.0796e+06 1.5600e+06 2.8339e+06 1.6143e+06 2.7857e+06 1.9330e+06 2.2756e+06 1.9006e+06 2.2585e+06 2.3419e+06 1.8983e+06 2.3826e+06 1.6143e+06 2.7857e+06 1.6722e+06
10.6891 1.9995e+06 1.5021e+06 2.7194e+06 1.5542e+06 2.6731e+06 1.8599e+06 2.1863e+06 1.8274e+06 2.1715e+06 2.2522e+06 1.8248e+06 2.2877e+06 1.5542e+06 2.6731e+06 1.6116e+06
10.7899 1.9230e+06 1.4468e+06 2.6103e+06 1.4967e+06 2.5658e+06 1.7901e+06 2.1012e+06 1.7575e+06 2.0885e+06 2.1666e+06 1.7548e+06 2.1972e+06 1.4967e+06 2.5658e+06 1.5535e+06
10.8908 1.8499e+06 1.3938e+06 2.5064e+06 1.4417e+06 2.4637e+06 1.7233e+06 2.0199e+06 1.6907e+06 2.0092e+06 2.0848e+06 1.6878e+06 2.1110e+06 1.4417e+06 2.4637e+06 1.4979e+06
10.9916 1.7802e+06 1.3431e+06 2.4073e+06 1.3891e+06 2.3663e+06 1.6594e+06 1.9424e+06 1.6269e+06 1.9334e+06 2.0066e+06 1.6239e+06 2.0287e+06 1.3891e+06 2.3663e+06 1.4446e+06
11.0924 1.7135e+06 1.2946e+06 2.3129e+06 1.3387e+06 2.2734e+06 1.5984e+06 1.8684e+06 1.5660e+06 1.8611e+06 1.9318e+06 1.5629e+06 1.9502e+06 1.3387e+06 2.2734e+06 1.3935e+06
11.1933 1.6498e+06 1.2481e+06 2.2228e+06 1.2905e+06 2.1849e+06 1.5400e+06 1.7977e+06 1.5077e+06 1.7919e+06 1.8604e+06 1.5045e+06 1.8753e+06 1.2905e+06 2.1849e+06 1.3446e+06
11.2941 1.5888e+06 1.2036e+06 2.1369e+06 1.2443e+06 2.1004e+06 1.4840e+06 1.7301e+06 1.4520e+06 1.7257e+06 1.7920e+06 1.4488e+06 1.8038e+06 1.2443e+06 2.1004e+06 1.2976e+06
11.3950 1.5306e+06 1.1610e+06 2.0549e+06 1.2001e+06 2.0197e+06 1.4305e+06 1.6656e+06 1.3986e+06 1.6625e+06 1.7265e+06 1.3954e+06 1.7356e+06 1.2001e+06 2.0197e+06 1.2526e+06
11.4958 1.4748e+06 1.1201e+06 1.9766e+06 1.1578e+06 1.9428e+06 1.3793e+06 1.6039e+06 1.3476e+06 1.6019e+06 1.6639e+06 1.3444e+06 1.6703e+06 1.1578e+06 1.9428e+06 1.2095e+06
11.5966 1.4214e+06 1.0810e+06 1.9018e+06 1.1172e+06 1.8692e+06 1.3302e+06 1.5449e+06 1.2988e+06 1.5440e+06 1.6040e+06 1.2956e+06 1.6080e+06 1.1172e+06 1.8692e+06 1.1680e+06
11.6975 1.3703e+06 1.0434e+06 1.8304e+06 1.0783e+06 1.7990e+06 1.2832e+06 1.4885e+06 1.2521e+06 1.4886e+06 1.5465e+06 1.2489e+06 1.5484e+06 1.0783e+06 1.7990e+06 1.1283e+06
11.7983 1.3214e+06 1.0074e+06 1.7622e+06 1.0410e+06 1.7318e+06 1.2381e+06 1.4345e+06 1.2074e+06 1.4355e+06 1.4915e+06 1.2042e+06 1.4914e+06 1.0410e+06 1.7318e+06 1.0901e+06
11.8992 1.2746e+06 9.7286e+05 1.6969e+06 1.0052e+06 1.6677e+06 1.1949e+06 1.3828e+06 1.1645e+06 1.3846e+06 1.4388e+06 1.1614e+06 1.4369e+06 1.0052e+06 1.6677e+06 1.0535e+06
12.0000 1.2297e+06 9.3970e+05 1.6345e+06 9.7084e+05 1.6063e+06 1.1535e+06 1.3333e+06 1.1234e+06 1.3359e+06 1.3883e+06 1.1204e+06 1.3848e+06 9.7084e+05 1.6063e+06 1.0183e+06
