# FONLL heavy quark hadroproduction cross section, calculated on Fri Mar 12 22:41:27 CET 2021
# FONLL version and perturbative order: ## FONLL v1.3.2 fonll [ds/dpt^2dy (pb/GeV^2)]
# quark = charm
# final state = meson (meson = D0). NP params (cm,lm,hm) = 0.1, 0.06, 0.135
# BR(q->meson) = 1
# ebeam1 = 2515, ebeam2 = 2515
# PDF set = CTEQ6.6
# ptmin = 0.05
# ptmax = 49.95
# ymin  = -0.5
# ymax  = 0.5
# Uncertainties from scales, masses, PDFs combined quadratically
# cross section is ds/dpt (pb/GeV)
pt central min max min_sc max_sc min_mass max_mass min_pdf max_pdf fr=.5.5 fr=22 fr=21 fr=12 fr=1.5 fr=.51
0.0500 1.4540e+07 3.1531e+06 5.5484e+07 7.1989e+06 5.4867e+07 9.4247e+06 1.5278e+07 7.4965e+06 2.1583e+07 5.4867e+07 3.4589e+07 5.0743e+07 7.1989e+06 5.2012e+07 1.1610e+07
0.1500 3.9082e+07 1.0247e+07 1.3705e+08 1.9622e+07 1.3536e+08 2.7843e+07 3.9531e+07 2.1014e+07 5.7150e+07 1.3536e+08 8.8472e+07 1.2571e+08 1.9622e+07 1.3478e+08 2.9088e+07
0.2500 5.9953e+07 1.7977e+07 2.0047e+08 3.0596e+07 1.9796e+08 4.5774e+07 5.9953e+07 3.3512e+07 8.6391e+07 1.8254e+08 1.2932e+08 1.7863e+08 3.0596e+07 1.9796e+08 4.0054e+07
0.3500 7.9173e+07 2.6867e+07 2.5277e+08 4.1087e+07 2.4960e+08 6.5247e+07 7.9173e+07 4.6136e+07 1.1221e+08 2.0519e+08 1.6220e+08 2.2002e+08 4.1087e+07 2.4960e+08 4.6135e+07
0.4500 9.7453e+07 3.4662e+07 2.9764e+08 4.8663e+07 2.9397e+08 8.7182e+07 9.7453e+07 5.9286e+07 1.3562e+08 2.1004e+08 1.8909e+08 2.5521e+08 5.1353e+07 2.9397e+08 4.8663e+07
0.5500 1.1474e+08 3.5549e+07 3.3659e+08 4.8785e+07 3.3259e+08 1.0203e+08 1.1474e+08 7.2791e+07 1.5669e+08 2.0292e+08 2.1062e+08 2.8602e+08 6.1265e+07 3.3259e+08 4.8785e+07
0.6500 1.3105e+08 3.4540e+07 3.7128e+08 4.7395e+07 3.6705e+08 1.1287e+08 1.3633e+08 8.6488e+07 1.7560e+08 1.8997e+08 2.2770e+08 3.1404e+08 7.0739e+07 3.6705e+08 4.7395e+07
0.7500 1.4585e+08 3.2610e+07 4.0144e+08 4.5188e+07 3.9677e+08 1.2201e+08 1.6144e+08 9.9780e+07 1.9192e+08 1.7467e+08 2.4051e+08 3.3860e+08 7.9444e+07 3.9677e+08 4.5188e+07
0.8500 1.5860e+08 3.0404e+07 4.2613e+08 4.2767e+07 4.2075e+08 1.2942e+08 1.8476e+08 1.1207e+08 2.0514e+08 1.5900e+08 2.4898e+08 3.5835e+08 8.7071e+07 4.2075e+08 4.2767e+07
0.9500 1.6886e+08 2.8274e+07 4.4406e+08 4.0432e+07 4.3778e+08 1.3503e+08 2.0475e+08 1.2276e+08 2.1498e+08 1.4403e+08 2.5299e+08 3.7170e+08 9.3335e+07 4.3778e+08 4.0432e+07
1.0500 1.7643e+08 2.6292e+07 4.5469e+08 3.8213e+07 4.4745e+08 1.3883e+08 2.2058e+08 1.3144e+08 2.2140e+08 1.3032e+08 2.5285e+08 3.7825e+08 9.8101e+07 4.4745e+08 3.8213e+07
1.1500 1.8087e+08 2.4594e+07 4.5747e+08 3.6150e+07 4.4942e+08 1.4070e+08 2.3114e+08 1.3768e+08 2.2401e+08 1.1813e+08 2.4899e+08 3.7807e+08 1.0119e+08 4.4942e+08 3.6150e+07
1.2500 1.8237e+08 2.3251e+07 4.5307e+08 3.4309e+07 4.4440e+08 1.4077e+08 2.3670e+08 1.4155e+08 2.2319e+08 1.0750e+08 2.4199e+08 3.7183e+08 1.0273e+08 4.4440e+08 3.4309e+07
1.3500 1.8129e+08 2.2243e+07 4.4244e+08 3.2718e+07 4.3339e+08 1.3927e+08 2.3775e+08 1.4313e+08 2.1950e+08 9.8356e+07 2.3245e+08 3.6038e+08 1.0283e+08 4.3339e+08 3.2718e+07
1.4500 1.7801e+08 2.1554e+07 4.2679e+08 3.1399e+07 4.1759e+08 1.3643e+08 2.3489e+08 1.4258e+08 2.1346e+08 9.0624e+07 2.2097e+08 3.4476e+08 1.0162e+08 4.1759e+08 3.1399e+07
1.5500 1.7293e+08 2.1217e+07 4.0738e+08 3.0401e+07 3.9825e+08 1.3249e+08 2.2890e+08 1.4027e+08 2.0558e+08 8.4338e+07 2.0819e+08 3.2615e+08 9.9360e+07 3.9825e+08 3.0401e+07
1.6500 1.6644e+08 2.1416e+07 3.8545e+08 2.9934e+07 3.7655e+08 1.2766e+08 2.2052e+08 1.3654e+08 1.9633e+08 7.9972e+07 1.9490e+08 3.0610e+08 9.6278e+07 3.7655e+08 2.9934e+07
1.7500 1.5891e+08 2.2098e+07 3.6193e+08 2.9964e+07 3.5339e+08 1.2215e+08 2.1044e+08 1.3172e+08 1.8610e+08 7.7392e+07 1.8144e+08 2.8526e+08 9.2584e+07 3.5339e+08 2.9964e+07
1.8500 1.5075e+08 2.3290e+07 3.3779e+08 3.0553e+07 3.2969e+08 1.1622e+08 1.9931e+08 1.2612e+08 1.7539e+08 7.6627e+07 1.6814e+08 2.6433e+08 8.8456e+07 3.2969e+08 3.0553e+07
1.9500 1.4226e+08 2.4914e+07 3.1379e+08 3.1640e+07 3.0618e+08 1.1007e+08 1.8760e+08 1.1998e+08 1.6456e+08 7.7194e+07 1.5531e+08 2.4392e+08 8.4044e+07 3.0618e+08 3.1640e+07
2.0500 1.3363e+08 2.6708e+07 2.9029e+08 3.2944e+07 2.8320e+08 1.0380e+08 1.7565e+08 1.1351e+08 1.5376e+08 7.8229e+07 1.4307e+08 2.2430e+08 7.9476e+07 2.8320e+08 3.2944e+07
2.1500 1.2508e+08 2.8163e+07 2.6772e+08 3.3938e+07 2.6115e+08 9.7564e+07 1.6382e+08 1.0694e+08 1.4321e+08 7.8758e+07 1.3155e+08 2.0575e+08 7.4894e+07 2.6115e+08 3.3938e+07
2.2500 1.1672e+08 2.9196e+07 2.4629e+08 3.4533e+07 2.4024e+08 9.1441e+07 1.5231e+08 1.0040e+08 1.3305e+08 7.8524e+07 1.2079e+08 1.8839e+08 7.0359e+07 2.4024e+08 3.4533e+07
2.3500 1.0866e+08 2.9795e+07 2.2616e+08 3.4719e+07 2.2059e+08 8.5501e+07 1.4123e+08 9.3972e+07 1.2336e+08 7.7429e+07 1.1080e+08 1.7227e+08 6.5930e+07 2.2059e+08 3.4719e+07
2.4500 1.0098e+08 2.9971e+07 2.0739e+08 3.4505e+07 2.0229e+08 7.9798e+07 1.3071e+08 8.7752e+07 1.1420e+08 7.5533e+07 1.0158e+08 1.5739e+08 6.1659e+07 2.0229e+08 3.4505e+07
2.5500 9.3692e+07 2.9766e+07 1.8999e+08 3.3933e+07 1.8532e+08 7.4362e+07 1.2080e+08 8.1787e+07 1.0560e+08 7.2990e+07 9.3094e+07 1.4372e+08 5.7572e+07 1.8532e+08 3.3933e+07
2.6500 8.6838e+07 2.9244e+07 1.7393e+08 3.3065e+07 1.6968e+08 6.9215e+07 1.1151e+08 7.6115e+07 9.7561e+07 7.0008e+07 8.5306e+07 1.3119e+08 5.3689e+07 1.6968e+08 3.3065e+07
2.7500 8.0419e+07 2.8477e+07 1.5918e+08 3.1974e+07 1.5530e+08 6.4366e+07 1.0286e+08 7.0753e+07 9.0085e+07 6.6745e+07 7.8175e+07 1.1976e+08 5.0020e+07 1.5530e+08 3.1974e+07
2.8500 7.4431e+07 2.7600e+07 1.4566e+08 3.0802e+07 1.4211e+08 5.9814e+07 9.4828e+07 6.5711e+07 8.3152e+07 6.3420e+07 7.1659e+07 1.0934e+08 4.6568e+07 1.4211e+08 3.0802e+07
2.9500 6.8863e+07 2.6681e+07 1.3329e+08 2.9617e+07 1.3006e+08 5.5555e+07 8.7401e+07 6.0989e+07 7.6738e+07 6.0154e+07 6.5713e+07 9.9861e+07 4.3332e+07 1.3006e+08 2.9617e+07
3.0500 6.3697e+07 2.5698e+07 1.2199e+08 2.8392e+07 1.1904e+08 5.1582e+07 8.0546e+07 5.6578e+07 7.0816e+07 5.6924e+07 6.0290e+07 9.1249e+07 4.0306e+07 1.1904e+08 2.8392e+07
3.1500 5.8912e+07 2.4664e+07 1.1168e+08 2.7136e+07 1.0900e+08 4.7881e+07 7.4228e+07 5.2469e+07 6.5355e+07 5.3743e+07 5.5348e+07 8.3428e+07 3.7482e+07 1.0900e+08 2.7136e+07
3.2500 5.4486e+07 2.3603e+07 1.0228e+08 2.5873e+07 9.9828e+07 4.4440e+07 6.8414e+07 4.8648e+07 6.0324e+07 5.0644e+07 5.0843e+07 7.6328e+07 3.4851e+07 9.9828e+07 2.5873e+07
3.3500 5.0398e+07 2.2535e+07 9.3704e+07 2.4619e+07 9.1470e+07 4.1246e+07 6.3067e+07 4.5102e+07 5.5694e+07 4.7654e+07 4.6739e+07 6.9883e+07 3.2404e+07 9.1470e+07 2.4619e+07
3.4500 4.6624e+07 2.1472e+07 8.5893e+07 2.3388e+07 8.3853e+07 3.8284e+07 5.8155e+07 4.1815e+07 5.1434e+07 4.4789e+07 4.2998e+07 6.4032e+07 3.0131e+07 8.3853e+07 2.3388e+07
3.5500 4.3144e+07 2.0427e+07 7.8776e+07 2.2189e+07 7.6912e+07 3.5539e+07 5.3644e+07 3.8771e+07 4.7518e+07 4.2060e+07 3.9590e+07 5.8722e+07 2.8020e+07 7.6912e+07 2.2189e+07
3.6500 3.9936e+07 1.9406e+07 7.2294e+07 2.1029e+07 7.0590e+07 3.2999e+07 4.9503e+07 3.5954e+07 4.3919e+07 3.9473e+07 3.6482e+07 5.3901e+07 2.6062e+07 7.0590e+07 2.1029e+07
3.7500 3.6981e+07 1.8417e+07 6.6389e+07 1.9912e+07 6.4830e+07 3.0650e+07 4.5701e+07 3.3350e+07 4.0612e+07 3.7026e+07 3.3648e+07 4.9521e+07 2.4247e+07 6.4830e+07 1.9912e+07
3.8500 3.4259e+07 1.7463e+07 6.1007e+07 1.8841e+07 5.9582e+07 2.8479e+07 4.2210e+07 3.0945e+07 3.7573e+07 3.4715e+07 3.1058e+07 4.5536e+07 2.2566e+07 5.9582e+07 1.8841e+07
3.9500 3.1753e+07 1.6546e+07 5.6101e+07 1.7817e+07 5.4798e+07 2.6474e+07 3.9006e+07 2.8724e+07 3.4782e+07 3.2538e+07 2.8692e+07 4.1908e+07 2.1009e+07 5.4798e+07 1.7817e+07
4.0500 2.9446e+07 1.5666e+07 5.1628e+07 1.6839e+07 5.0435e+07 2.4622e+07 3.6065e+07 2.6674e+07 3.2217e+07 3.0491e+07 2.6528e+07 3.8605e+07 1.9568e+07 5.0435e+07 1.6839e+07
4.1500 2.7321e+07 1.4826e+07 4.7547e+07 1.5909e+07 4.6455e+07 2.2911e+07 3.3365e+07 2.4782e+07 2.9859e+07 2.8569e+07 2.4549e+07 3.5594e+07 1.8235e+07 4.6455e+07 1.5909e+07
4.2500 2.5364e+07 1.4024e+07 4.3823e+07 1.5024e+07 4.2823e+07 2.1331e+07 3.0886e+07 2.3036e+07 2.7693e+07 2.6766e+07 2.2737e+07 3.2848e+07 1.7000e+07 4.2823e+07 1.5024e+07
4.3500 2.3563e+07 1.3259e+07 4.0424e+07 1.4184e+07 3.9508e+07 1.9872e+07 2.8609e+07 2.1424e+07 2.5702e+07 2.5078e+07 2.1077e+07 3.0343e+07 1.5857e+07 3.9508e+07 1.4184e+07
4.4500 2.1904e+07 1.2532e+07 3.7319e+07 1.3387e+07 3.6480e+07 1.8523e+07 2.6519e+07 1.9937e+07 2.3870e+07 2.3498e+07 1.9557e+07 2.8056e+07 1.4799e+07 3.6480e+07 1.3387e+07
4.5500 2.0375e+07 1.1844e+07 3.4484e+07 1.2635e+07 3.3714e+07 1.7278e+07 2.4599e+07 1.8564e+07 2.2187e+07 2.2022e+07 1.8162e+07 2.5966e+07 1.3820e+07 3.3714e+07 1.2635e+07
4.6500 1.8967e+07 1.1194e+07 3.1893e+07 1.1927e+07 3.1187e+07 1.6126e+07 2.2836e+07 1.7297e+07 2.0637e+07 2.0644e+07 1.6879e+07 2.4052e+07 1.2914e+07 3.1187e+07 1.1927e+07
4.7500 1.7669e+07 1.0580e+07 2.9523e+07 1.1260e+07 2.8875e+07 1.5061e+07 2.1216e+07 1.6128e+07 1.9211e+07 1.9359e+07 1.5700e+07 2.2299e+07 1.2075e+07 2.8875e+07 1.1260e+07
4.8500 1.6472e+07 1.0001e+07 2.7354e+07 1.0632e+07 2.6758e+07 1.4076e+07 1.9725e+07 1.5047e+07 1.7896e+07 1.8159e+07 1.4614e+07 2.0691e+07 1.1298e+07 2.6758e+07 1.0632e+07
4.9500 1.5366e+07 9.4542e+06 2.5365e+07 1.0041e+07 2.4817e+07 1.3163e+07 1.8353e+07 1.4048e+07 1.6684e+07 1.7040e+07 1.3614e+07 1.9215e+07 1.0578e+07 2.4817e+07 1.0041e+07
5.0500 1.4345e+07 8.9387e+06 2.3541e+07 9.4841e+06 2.3036e+07 1.2318e+07 1.7090e+07 1.3124e+07 1.5566e+07 1.5994e+07 1.2693e+07 1.7859e+07 9.9091e+06 2.3036e+07 9.4841e+06
5.1500 1.3401e+07 8.4524e+06 2.1866e+07 8.9601e+06 2.1401e+07 1.1534e+07 1.5925e+07 1.2269e+07 1.4533e+07 1.5019e+07 1.1843e+07 1.6612e+07 9.2887e+06 2.1401e+07 8.9601e+06
5.2500 1.2528e+07 7.9936e+06 2.0327e+07 8.4665e+06 1.9898e+07 1.0807e+07 1.4850e+07 1.1477e+07 1.3578e+07 1.4108e+07 1.1058e+07 1.5466e+07 8.7126e+06 1.9898e+07 8.4665e+06
5.3500 1.1719e+07 7.5609e+06 1.8911e+07 8.0017e+06 1.8515e+07 1.0132e+07 1.3858e+07 1.0742e+07 1.2696e+07 1.3258e+07 1.0333e+07 1.4409e+07 8.1771e+06 1.8515e+07 8.0017e+06
5.4500 1.0970e+07 7.1527e+06 1.7607e+07 7.5638e+06 1.7242e+07 9.5058e+06 1.2942e+07 1.0062e+07 1.1879e+07 1.2463e+07 9.6632e+06 1.3436e+07 7.6793e+06 1.7242e+07 7.5638e+06
5.5500 1.0276e+07 6.7680e+06 1.6407e+07 7.1519e+06 1.6070e+07 8.9235e+06 1.2096e+07 9.4301e+06 1.1122e+07 1.1721e+07 9.0433e+06 1.2538e+07 7.2160e+06 1.6070e+07 7.1519e+06
5.6500 9.6325e+06 6.4058e+06 1.5301e+07 6.7644e+06 1.4989e+07 8.3819e+06 1.1312e+07 8.8437e+06 1.0421e+07 1.1028e+07 8.4691e+06 1.1710e+07 6.7846e+06 1.4989e+07 6.7644e+06
5.7500 9.0349e+06 6.0493e+06 1.4281e+07 6.3828e+06 1.3992e+07 7.8779e+06 1.0588e+07 8.2989e+06 9.7709e+06 1.0380e+07 7.9370e+06 1.0944e+07 6.3828e+06 1.3992e+07 6.3999e+06
5.8500 8.4798e+06 5.6997e+06 1.3339e+07 6.0082e+06 1.3071e+07 7.4086e+06 9.9160e+06 7.7924e+06 9.1672e+06 9.7748e+06 7.4433e+06 1.0237e+07 6.0082e+06 1.3071e+07 6.0568e+06
5.9500 7.9637e+06 5.3731e+06 1.2468e+07 5.6587e+06 1.2220e+07 6.9712e+06 9.2934e+06 7.3211e+06 8.6063e+06 9.2085e+06 6.9850e+06 9.5818e+06 5.6587e+06 1.2220e+07 5.7339e+06
6.0500 7.4837e+06 5.0679e+06 1.1663e+07 5.3326e+06 1.1432e+07 6.5634e+06 8.7156e+06 6.8824e+06 8.0850e+06 8.6786e+06 6.5592e+06 8.9751e+06 5.3326e+06 1.1432e+07 5.4299e+06
6.1500 7.0369e+06 4.7826e+06 1.0918e+07 5.0280e+06 1.0703e+07 6.1829e+06 8.1790e+06 6.4738e+06 7.5999e+06 8.1826e+06 6.1634e+06 8.4126e+06 5.0280e+06 1.0703e+07 5.1437e+06
6.2500 6.6206e+06 4.5156e+06 1.0227e+07 4.7434e+06 1.0027e+07 5.8277e+06 7.6804e+06 6.0929e+06 7.1484e+06 7.7182e+06 5.7952e+06 7.8907e+06 4.7434e+06 1.0027e+07 4.8741e+06
6.3500 6.2327e+06 4.2657e+06 9.5867e+06 4.4773e+06 9.4006e+06 5.4960e+06 7.2167e+06 5.7376e+06 6.7278e+06 7.2833e+06 5.4523e+06 7.4061e+06 4.4773e+06 9.4006e+06 4.6201e+06
6.4500 5.8709e+06 4.0317e+06 8.9924e+06 4.2285e+06 8.8191e+06 5.1859e+06 6.7852e+06 5.4061e+06 6.3356e+06 6.8757e+06 5.1329e+06 6.9557e+06 4.2285e+06 8.8191e+06 4.3808e+06
6.5500 5.5332e+06 3.8124e+06 8.4406e+06 3.9956e+06 8.2790e+06 4.8960e+06 6.3834e+06 5.0966e+06 5.9699e+06 6.4936e+06 4.8352e+06 6.5368e+06 3.9956e+06 8.2790e+06 4.1552e+06
6.6500 5.2180e+06 3.6069e+06 7.9277e+06 3.7774e+06 7.7769e+06 4.6248e+06 6.0090e+06 4.8074e+06 5.6285e+06 6.1354e+06 4.5574e+06 6.1470e+06 3.7774e+06 7.7769e+06 3.9424e+06
6.7500 4.9234e+06 3.4140e+06 7.4507e+06 3.5730e+06 7.3099e+06 4.3708e+06 5.6599e+06 4.5370e+06 5.3097e+06 5.7994e+06 4.2981e+06 5.7842e+06 3.5730e+06 7.3099e+06 3.7418e+06
6.8500 4.6480e+06 3.2330e+06 7.0067e+06 3.3812e+06 6.8752e+06 4.1329e+06 5.3342e+06 4.2842e+06 5.0118e+06 5.4842e+06 4.0559e+06 5.4461e+06 3.3812e+06 6.8752e+06 3.5526e+06
6.9500 4.3903e+06 3.0629e+06 6.5933e+06 3.2014e+06 6.4702e+06 3.9099e+06 5.0301e+06 4.0475e+06 4.7331e+06 5.1884e+06 3.8296e+06 5.1310e+06 3.2014e+06 6.4702e+06 3.3741e+06
7.0500 4.1491e+06 2.9031e+06 6.2079e+06 3.0325e+06 6.0928e+06 3.7007e+06 4.7460e+06 3.8258e+06 4.4723e+06 4.9105e+06 3.6179e+06 4.8370e+06 3.0325e+06 6.0928e+06 3.2056e+06
7.1500 3.9232e+06 2.7529e+06 5.8485e+06 2.8738e+06 5.7406e+06 3.5045e+06 4.4805e+06 3.6181e+06 4.2282e+06 4.6494e+06 3.4197e+06 4.5625e+06 2.8738e+06 5.7406e+06 3.0464e+06
7.2500 3.7114e+06 2.6116e+06 5.5130e+06 2.7247e+06 5.4120e+06 3.3202e+06 4.2320e+06 3.4234e+06 3.9994e+06 4.4039e+06 3.2341e+06 4.3061e+06 2.7247e+06 5.4120e+06 2.8962e+06
7.3500 3.5128e+06 2.4787e+06 5.1998e+06 2.5846e+06 5.1050e+06 3.1471e+06 3.9995e+06 3.2407e+06 3.7849e+06 4.1730e+06 3.0602e+06 4.0664e+06 2.5846e+06 5.1050e+06 2.7542e+06
7.4500 3.3265e+06 2.3535e+06 4.9071e+06 2.4527e+06 4.8181e+06 2.9844e+06 3.7817e+06 3.0692e+06 3.5837e+06 3.9556e+06 2.8972e+06 3.8422e+06 2.4527e+06 4.8181e+06 2.6200e+06
7.5500 3.1515e+06 2.2356e+06 4.6334e+06 2.3286e+06 4.5498e+06 2.8313e+06 3.5776e+06 2.9081e+06 3.3949e+06 3.7510e+06 2.7441e+06 3.6323e+06 2.3286e+06 4.5498e+06 2.4931e+06
7.6500 2.9872e+06 2.1245e+06 4.3773e+06 2.2118e+06 4.2987e+06 2.6873e+06 3.3862e+06 2.7568e+06 3.2176e+06 3.5583e+06 2.6005e+06 3.4357e+06 2.2118e+06 4.2987e+06 2.3732e+06
7.7500 2.8327e+06 2.0197e+06 4.1375e+06 2.1017e+06 4.0636e+06 2.5518e+06 3.2066e+06 2.6145e+06 3.0509e+06 3.3767e+06 2.4656e+06 3.2515e+06 2.1017e+06 4.0636e+06 2.2597e+06
7.8500 2.6875e+06 1.9210e+06 3.9129e+06 1.9980e+06 3.8434e+06 2.4241e+06 3.0380e+06 2.4807e+06 2.8943e+06 3.2054e+06 2.3387e+06 3.0787e+06 1.9980e+06 3.8434e+06 2.1523e+06
7.9500 2.5508e+06 1.8278e+06 3.7024e+06 1.9002e+06 3.6370e+06 2.3038e+06 2.8796e+06 2.3547e+06 2.7469e+06 3.0439e+06 2.2195e+06 2.9166e+06 1.9002e+06 3.6370e+06 2.0506e+06
8.0500 2.4222e+06 1.7398e+06 3.5051e+06 1.8079e+06 3.4433e+06 2.1904e+06 2.7308e+06 2.2361e+06 2.6083e+06 2.8915e+06 2.1073e+06 2.7644e+06 1.8079e+06 3.4433e+06 1.9544e+06
8.1500 2.3011e+06 1.6567e+06 3.3198e+06 1.7209e+06 3.2616e+06 2.0835e+06 2.5909e+06 2.1245e+06 2.4778e+06 2.7479e+06 2.0017e+06 2.6214e+06 1.7209e+06 3.2616e+06 1.8633e+06
8.2500 2.1871e+06 1.5782e+06 3.1460e+06 1.6387e+06 3.0911e+06 1.9826e+06 2.4594e+06 2.0193e+06 2.3548e+06 2.6125e+06 1.9022e+06 2.4870e+06 1.6387e+06 3.0911e+06 1.7771e+06
8.3500 2.0796e+06 1.5041e+06 2.9826e+06 1.5610e+06 2.9308e+06 1.8874e+06 2.3356e+06 1.9202e+06 2.2390e+06 2.4848e+06 1.8086e+06 2.3607e+06 1.5610e+06 2.9308e+06 1.6954e+06
8.4500 1.9782e+06 1.4339e+06 2.8292e+06 1.4877e+06 2.7802e+06 1.7976e+06 2.2191e+06 1.8267e+06 2.1298e+06 2.3642e+06 1.7202e+06 2.2417e+06 1.4877e+06 2.7802e+06 1.6180e+06
8.5500 1.8826e+06 1.3675e+06 2.6848e+06 1.4183e+06 2.6385e+06 1.7126e+06 2.1093e+06 1.7385e+06 2.0268e+06 2.2504e+06 1.6370e+06 2.1298e+06 1.4183e+06 2.6385e+06 1.5446e+06
8.6500 1.7924e+06 1.3047e+06 2.5491e+06 1.3527e+06 2.5052e+06 1.6324e+06 2.0059e+06 1.6552e+06 1.9296e+06 2.1429e+06 1.5584e+06 2.0243e+06 1.3527e+06 2.5052e+06 1.4750e+06
8.7500 1.7072e+06 1.2453e+06 2.4213e+06 1.2906e+06 2.3798e+06 1.5564e+06 1.9084e+06 1.5766e+06 1.8378e+06 2.0413e+06 1.4842e+06 1.9249e+06 1.2906e+06 2.3798e+06 1.4090e+06
8.8500 1.6267e+06 1.1889e+06 2.3009e+06 1.2318e+06 2.2616e+06 1.4846e+06 1.8164e+06 1.5022e+06 1.7511e+06 1.9452e+06 1.4141e+06 1.8312e+06 1.2318e+06 2.2616e+06 1.3464e+06
8.9500 1.5506e+06 1.1355e+06 2.1875e+06 1.1761e+06 2.1503e+06 1.4166e+06 1.7295e+06 1.4320e+06 1.6692e+06 1.8543e+06 1.3479e+06 1.7428e+06 1.1761e+06 2.1503e+06 1.2869e+06
9.0500 1.4786e+06 1.0849e+06 2.0806e+06 1.1233e+06 2.0453e+06 1.3523e+06 1.6475e+06 1.3655e+06 1.5917e+06 1.7683e+06 1.2853e+06 1.6593e+06 1.1233e+06 2.0453e+06 1.2305e+06
9.1500 1.4105e+06 1.0369e+06 1.9799e+06 1.0733e+06 1.9463e+06 1.2913e+06 1.5700e+06 1.3026e+06 1.5184e+06 1.6869e+06 1.2260e+06 1.5805e+06 1.0733e+06 1.9463e+06 1.1768e+06
9.2500 1.3460e+06 9.9139e+05 1.8847e+06 1.0259e+06 1.8529e+06 1.2335e+06 1.4967e+06 1.2431e+06 1.4490e+06 1.6097e+06 1.1700e+06 1.5060e+06 1.0259e+06 1.8529e+06 1.1259e+06
9.3500 1.2850e+06 9.4816e+05 1.7950e+06 9.8087e+05 1.7647e+06 1.1787e+06 1.4274e+06 1.1867e+06 1.3833e+06 1.5366e+06 1.1169e+06 1.4357e+06 9.8087e+05 1.7647e+06 1.0775e+06
9.4500 1.2272e+06 9.0712e+05 1.7102e+06 9.3816e+05 1.6815e+06 1.1267e+06 1.3618e+06 1.1333e+06 1.3211e+06 1.4673e+06 1.0666e+06 1.3691e+06 9.3816e+05 1.6815e+06 1.0315e+06
9.5500 1.1724e+06 8.6813e+05 1.6301e+06 8.9762e+05 1.6028e+06 1.0774e+06 1.2997e+06 1.0826e+06 1.2621e+06 1.4016e+06 1.0190e+06 1.3062e+06 8.9762e+05 1.6028e+06 9.8775e+05
9.6500 1.1204e+06 8.3109e+05 1.5544e+06 8.5910e+05 1.5284e+06 1.0306e+06 1.2409e+06 1.0346e+06 1.2062e+06 1.3392e+06 9.7385e+05 1.2466e+06 8.5910e+05 1.5284e+06 9.4613e+05
9.7500 1.0711e+06 7.9587e+05 1.4828e+06 8.2251e+05 1.4581e+06 9.8609e+05 1.1852e+06 9.8902e+05 1.1531e+06 1.2801e+06 9.3102e+05 1.1902e+06 8.2251e+05 1.4581e+06 9.0653e+05
9.8500 1.0243e+06 7.6240e+05 1.4151e+06 7.8774e+05 1.3915e+06 9.4384e+05 1.1324e+06 9.4578e+05 1.1028e+06 1.2239e+06 8.9038e+05 1.1367e+06 7.8774e+05 1.3915e+06 8.6885e+05
9.9500 9.7987e+05 7.3056e+05 1.3509e+06 7.5468e+05 1.3285e+06 9.0370e+05 1.0824e+06 9.0474e+05 1.0550e+06 1.1706e+06 8.5181e+05 1.0861e+06 7.5468e+05 1.3285e+06 8.3299e+05
10.0500 9.3771e+05 7.0027e+05 1.2901e+06 7.2324e+05 1.2687e+06 8.6555e+05 1.0349e+06 8.6578e+05 1.0096e+06 1.1200e+06 8.1520e+05 1.0380e+06 7.2324e+05 1.2687e+06 7.9885e+05
10.1500 8.9766e+05 6.7144e+05 1.2325e+06 6.9332e+05 1.2121e+06 8.2928e+05 9.8990e+05 8.2877e+05 9.6656e+05 1.0719e+06 7.8042e+05 9.9249e+05 6.9332e+05 1.2121e+06 7.6633e+05
10.2500 8.5962e+05 6.4399e+05 1.1778e+06 6.6485e+05 1.1584e+06 7.9478e+05 9.4715e+05 7.9360e+05 9.2563e+05 1.0263e+06 7.4738e+05 9.4927e+05 6.6485e+05 1.1584e+06 7.3534e+05
10.3500 8.2345e+05 6.1785e+05 1.1260e+06 6.3774e+05 1.1074e+06 7.6195e+05 9.0656e+05 7.6018e+05 8.8672e+05 9.8288e+05 7.1596e+05 9.0825e+05 6.3774e+05 1.1074e+06 7.0581e+05
10.4500 7.8905e+05 5.9294e+05 1.0768e+06 6.1192e+05 1.0590e+06 7.3070e+05 8.6801e+05 7.2839e+05 8.4972e+05 9.4162e+05 6.8609e+05 8.6930e+05 6.1192e+05 1.0590e+06 6.7766e+05
10.5500 7.5634e+05 5.6920e+05 1.0301e+06 5.8732e+05 1.0131e+06 7.0094e+05 8.3136e+05 6.9816e+05 8.1452e+05 9.0237e+05 6.5768e+05 8.3230e+05 5.8732e+05 1.0131e+06 6.5081e+05
10.6500 7.2520e+05 5.4656e+05 9.8574e+05 5.6387e+05 9.6948e+05 6.7259e+05 7.9653e+05 6.6938e+05 7.8102e+05 8.6503e+05 6.3064e+05 7.9713e+05 5.6387e+05 9.6948e+05 6.2519e+05
10.7500 6.9556e+05 5.2498e+05 9.4361e+05 5.4151e+05 9.2806e+05 6.4558e+05 7.6340e+05 6.4199e+05 7.4913e+05 8.2948e+05 6.0489e+05 7.6371e+05 5.4151e+05 9.2806e+05 6.0075e+05
10.8500 6.6733e+05 5.0438e+05 9.0357e+05 5.2019e+05 8.8869e+05 6.1983e+05 7.3188e+05 6.1590e+05 7.1876e+05 7.9563e+05 5.8038e+05 7.3192e+05 5.2019e+05 8.8869e+05 5.7741e+05
10.9500 6.4044e+05 4.8472e+05 8.6552e+05 4.9984e+05 8.5126e+05 5.9528e+05 7.0187e+05 5.9105e+05 6.8983e+05 7.6339e+05 5.5702e+05 7.0168e+05 4.9984e+05 8.5126e+05 5.5512e+05
11.0500 6.1481e+05 4.6596e+05 8.2933e+05 4.8042e+05 8.1568e+05 5.7186e+05 6.7331e+05 5.6736e+05 6.6226e+05 7.3266e+05 5.3476e+05 6.7291e+05 4.8042e+05 8.1568e+05 5.3384e+05
11.1500 5.9038e+05 4.4804e+05 7.9492e+05 4.6188e+05 7.8182e+05 5.4952e+05 6.4610e+05 5.4479e+05 6.3597e+05 7.0338e+05 5.1354e+05 6.4551e+05 4.6188e+05 7.8182e+05 5.1350e+05
11.2500 5.6708e+05 4.3092e+05 7.6217e+05 4.4417e+05 7.4962e+05 5.2819e+05 6.2018e+05 5.2326e+05 6.1090e+05 6.7546e+05 4.9331e+05 6.1943e+05 4.4417e+05 7.4962e+05 4.9406e+05
11.3500 5.4485e+05 4.1456e+05 7.3100e+05 4.2725e+05 7.1896e+05 5.0782e+05 5.9547e+05 5.0272e+05 5.8699e+05 6.4882e+05 4.7400e+05 5.9458e+05 4.2725e+05 7.1896e+05 4.7547e+05
11.4500 5.2364e+05 3.9892e+05 7.0133e+05 4.1109e+05 6.8978e+05 4.8837e+05 5.7192e+05 4.8312e+05 5.6417e+05 6.2341e+05 4.5558e+05 5.7090e+05 4.1109e+05 6.8978e+05 4.5770e+05
11.5500 5.0340e+05 3.8397e+05 6.7308e+05 3.9563e+05 6.6199e+05 4.6979e+05 5.4945e+05 4.6441e+05 5.4238e+05 5.9916e+05 4.3800e+05 5.4833e+05 3.9563e+05 6.6199e+05 4.4070e+05
11.6500 4.8406e+05 3.6967e+05 6.4616e+05 3.8085e+05 6.3551e+05 4.5204e+05 5.2801e+05 4.4655e+05 5.2158e+05 5.7600e+05 4.2120e+05 5.2681e+05 3.8085e+05 6.3551e+05 4.2443e+05
11.7500 4.6560e+05 3.5599e+05 6.2051e+05 3.6672e+05 6.1028e+05 4.3506e+05 5.0756e+05 4.2948e+05 5.0171e+05 5.5389e+05 4.0516e+05 5.0628e+05 3.6672e+05 6.1028e+05 4.0886e+05
11.8500 4.4796e+05 3.4290e+05 5.9607e+05 3.5319e+05 5.8624e+05 4.1883e+05 4.8803e+05 4.1318e+05 4.8273e+05 5.3276e+05 3.8984e+05 4.8670e+05 3.5319e+05 5.8624e+05 3.9395e+05
11.9500 4.3109e+05 3.3036e+05 5.7275e+05 3.4025e+05 5.6330e+05 4.0330e+05 4.6937e+05 3.9760e+05 4.6458e+05 5.1257e+05 3.7519e+05 4.6800e+05 3.4025e+05 5.6330e+05 3.7968e+05
12.0500 4.1497e+05 3.1837e+05 5.5049e+05 3.2786e+05 5.4141e+05 3.8845e+05 4.5156e+05 3.8271e+05 4.4724e+05 4.9327e+05 3.6119e+05 4.5014e+05 3.2786e+05 5.4141e+05 3.6601e+05
12.1500 3.9956e+05 3.0688e+05 5.2924e+05 3.1601e+05 5.2051e+05 3.7423e+05 4.3453e+05 3.6846e+05 4.3065e+05 4.7482e+05 3.4780e+05 4.3307e+05 3.1601e+05 5.2051e+05 3.5291e+05
12.2500 3.8481e+05 2.9588e+05 5.0895e+05 3.0465e+05 5.0054e+05 3.6062e+05 4.1825e+05 3.5484e+05 4.1478e+05 4.5717e+05 3.3498e+05 4.1675e+05 3.0465e+05 5.0054e+05 3.4037e+05
12.3500 3.7069e+05 2.8534e+05 4.8956e+05 2.9377e+05 4.8146e+05 3.4759e+05 4.0269e+05 3.4180e+05 3.9959e+05 4.4029e+05 3.2272e+05 4.0114e+05 2.9377e+05 4.8146e+05 3.2834e+05
12.4500 3.5718e+05 2.7523e+05 4.7103e+05 2.8335e+05 4.6323e+05 3.3510e+05 3.8780e+05 3.2932e+05 3.8505e+05 4.2413e+05 3.1099e+05 3.8622e+05 2.8335e+05 4.6323e+05 3.1681e+05
12.5500 3.4425e+05 2.6555e+05 4.5331e+05 2.7335e+05 4.4581e+05 3.2314e+05 3.7356e+05 3.1737e+05 3.7113e+05 4.0866e+05 2.9975e+05 3.7194e+05 2.7335e+05 4.4581e+05 3.0575e+05
12.6500 3.3186e+05 2.5626e+05 4.3638e+05 2.6378e+05 4.2914e+05 3.1168e+05 3.5992e+05 3.0593e+05 3.5780e+05 3.9384e+05 2.8899e+05 3.5828e+05 2.6378e+05 4.2914e+05 2.9514e+05
12.7500 3.2000e+05 2.4735e+05 4.2018e+05 2.5459e+05 4.1320e+05 3.0069e+05 3.4688e+05 2.9497e+05 3.4502e+05 3.7966e+05 2.7868e+05 3.4520e+05 2.5459e+05 4.1320e+05 2.8496e+05
12.8500 3.0862e+05 2.3880e+05 4.0468e+05 2.4578e+05 3.9796e+05 2.9015e+05 3.3438e+05 2.8446e+05 3.3278e+05 3.6606e+05 2.6880e+05 3.3268e+05 2.4578e+05 3.9796e+05 2.7520e+05
12.9500 2.9772e+05 2.3060e+05 3.8985e+05 2.3732e+05 3.8336e+05 2.8004e+05 3.2241e+05 2.7440e+05 3.2105e+05 3.5304e+05 2.5933e+05 3.2068e+05 2.3732e+05 3.8336e+05 2.6582e+05
13.0500 2.8727e+05 2.2273e+05 3.7566e+05 2.2920e+05 3.6940e+05 2.7034e+05 3.1094e+05 2.6474e+05 3.0980e+05 3.4055e+05 2.5025e+05 3.0919e+05 2.2920e+05 3.6940e+05 2.5681e+05
13.1500 2.7725e+05 2.1517e+05 3.6206e+05 2.2141e+05 3.5602e+05 2.6104e+05 2.9995e+05 2.5549e+05 2.9902e+05 3.2858e+05 2.4154e+05 2.9818e+05 2.2141e+05 3.5602e+05 2.4816e+05
13.2500 2.6764e+05 2.0791e+05 3.4905e+05 2.1393e+05 3.4321e+05 2.5210e+05 2.8941e+05 2.4661e+05 2.8867e+05 3.1709e+05 2.3319e+05 2.8764e+05 2.1393e+05 3.4321e+05 2.3985e+05
13.3500 2.5842e+05 2.0093e+05 3.3658e+05 2.0675e+05 3.3094e+05 2.4353e+05 2.7931e+05 2.3809e+05 2.7874e+05 3.0608e+05 2.2517e+05 2.7752e+05 2.0675e+05 3.3094e+05 2.3186e+05
13.4500 2.4956e+05 1.9423e+05 3.2463e+05 1.9984e+05 3.1918e+05 2.3529e+05 2.6962e+05 2.2992e+05 2.6921e+05 2.9551e+05 2.1748e+05 2.6782e+05 1.9984e+05 3.1918e+05 2.2418e+05
13.5500 2.4106e+05 1.8779e+05 3.1317e+05 1.9321e+05 3.0791e+05 2.2738e+05 2.6032e+05 2.2207e+05 2.6006e+05 2.8536e+05 2.1009e+05 2.5852e+05 1.9321e+05 3.0791e+05 2.1680e+05
13.6500 2.3290e+05 1.8160e+05 3.0219e+05 1.8683e+05 2.9711e+05 2.1978e+05 2.5139e+05 2.1454e+05 2.5127e+05 2.7562e+05 2.0300e+05 2.4960e+05 1.8683e+05 2.9711e+05 2.0970e+05
13.7500 2.2506e+05 1.7564e+05 2.9167e+05 1.8070e+05 2.8674e+05 2.1248e+05 2.4283e+05 2.0730e+05 2.4283e+05 2.6627e+05 1.9619e+05 2.4104e+05 1.8070e+05 2.8674e+05 2.0287e+05
13.8500 2.1754e+05 1.6992e+05 2.8157e+05 1.7480e+05 2.7681e+05 2.0545e+05 2.3461e+05 2.0035e+05 2.3472e+05 2.5729e+05 1.8964e+05 2.3282e+05 1.7480e+05 2.7681e+05 1.9630e+05
13.9500 2.1030e+05 1.6441e+05 2.7188e+05 1.6913e+05 2.6727e+05 1.9870e+05 2.2671e+05 1.9367e+05 2.2693e+05 2.4866e+05 1.8335e+05 2.2493e+05 1.6913e+05 2.6727e+05 1.8997e+05
14.0500 2.0335e+05 1.5911e+05 2.6258e+05 1.6367e+05 2.5813e+05 1.9221e+05 2.1912e+05 1.8725e+05 2.1945e+05 2.4037e+05 1.7731e+05 2.1736e+05 1.6367e+05 2.5813e+05 1.8389e+05
14.1500 1.9666e+05 1.5401e+05 2.5366e+05 1.5842e+05 2.4935e+05 1.8597e+05 2.1183e+05 1.8108e+05 2.1225e+05 2.3240e+05 1.7150e+05 2.1008e+05 1.5842e+05 2.4935e+05 1.7803e+05
14.2500 1.9023e+05 1.4910e+05 2.4509e+05 1.5337e+05 2.4092e+05 1.7996e+05 2.0483e+05 1.7514e+05 2.0532e+05 2.2474e+05 1.6591e+05 2.0309e+05 1.5337e+05 2.4092e+05 1.7238e+05
14.3500 1.8405e+05 1.4437e+05 2.3687e+05 1.4850e+05 2.3282e+05 1.7418e+05 1.9810e+05 1.6944e+05 1.9866e+05 2.1737e+05 1.6053e+05 1.9638e+05 1.4850e+05 2.3282e+05 1.6695e+05
14.4500 1.7810e+05 1.3981e+05 2.2896e+05 1.4382e+05 2.2505e+05 1.6862e+05 1.9162e+05 1.6395e+05 1.9226e+05 2.1028e+05 1.5536e+05 1.8993e+05 1.4382e+05 2.2505e+05 1.6171e+05
14.5500 1.7238e+05 1.3543e+05 2.2137e+05 1.3930e+05 2.1758e+05 1.6326e+05 1.8539e+05 1.5867e+05 1.8610e+05 2.0347e+05 1.5038e+05 1.8372e+05 1.3930e+05 2.1758e+05 1.5667e+05
14.6500 1.6688e+05 1.3121e+05 2.1407e+05 1.3496e+05 2.1040e+05 1.5810e+05 1.7940e+05 1.5359e+05 1.8016e+05 1.9691e+05 1.4560e+05 1.7776e+05 1.3496e+05 2.1040e+05 1.5180e+05
14.7500 1.6157e+05 1.2713e+05 2.0706e+05 1.3077e+05 2.0349e+05 1.5313e+05 1.7364e+05 1.4870e+05 1.7445e+05 1.9059e+05 1.4098e+05 1.7202e+05 1.3077e+05 2.0349e+05 1.4712e+05
14.8500 1.5647e+05 1.2321e+05 2.0031e+05 1.2673e+05 1.9685e+05 1.4835e+05 1.6809e+05 1.4398e+05 1.6895e+05 1.8452e+05 1.3654e+05 1.6649e+05 1.2673e+05 1.9685e+05 1.4260e+05
14.9500 1.5155e+05 1.1943e+05 1.9382e+05 1.2284e+05 1.9047e+05 1.4374e+05 1.6276e+05 1.3945e+05 1.6365e+05 1.7867e+05 1.3226e+05 1.6118e+05 1.2284e+05 1.9047e+05 1.3825e+05
15.0500 1.4682e+05 1.1579e+05 1.8757e+05 1.1909e+05 1.8432e+05 1.3929e+05 1.5761e+05 1.3508e+05 1.5855e+05 1.7303e+05 1.2814e+05 1.5606e+05 1.1909e+05 1.8432e+05 1.3406e+05
15.1500 1.4225e+05 1.1227e+05 1.8156e+05 1.1548e+05 1.7841e+05 1.3501e+05 1.5266e+05 1.3087e+05 1.5363e+05 1.6760e+05 1.2417e+05 1.5113e+05 1.1548e+05 1.7841e+05 1.3001e+05
15.2500 1.3786e+05 1.0888e+05 1.7578e+05 1.1199e+05 1.7272e+05 1.3088e+05 1.4790e+05 1.2682e+05 1.4889e+05 1.6238e+05 1.2035e+05 1.4639e+05 1.1199e+05 1.7272e+05 1.2610e+05
15.3500 1.3362e+05 1.0561e+05 1.7021e+05 1.0862e+05 1.6724e+05 1.2690e+05 1.4330e+05 1.2291e+05 1.4433e+05 1.5734e+05 1.1666e+05 1.4182e+05 1.0862e+05 1.6724e+05 1.2233e+05
15.4500 1.2953e+05 1.0245e+05 1.6485e+05 1.0538e+05 1.6197e+05 1.2306e+05 1.3887e+05 1.1914e+05 1.3992e+05 1.5248e+05 1.1310e+05 1.3741e+05 1.0538e+05 1.6197e+05 1.1870e+05
15.5500 1.2559e+05 9.9407e+04 1.5969e+05 1.0225e+05 1.5689e+05 1.1936e+05 1.3461e+05 1.1551e+05 1.3568e+05 1.4780e+05 1.0967e+05 1.3316e+05 1.0225e+05 1.5689e+05 1.1519e+05
15.6500 1.2179e+05 9.6468e+04 1.5471e+05 9.9223e+04 1.5199e+05 1.1578e+05 1.3049e+05 1.1201e+05 1.3158e+05 1.4329e+05 1.0637e+05 1.2907e+05 9.9223e+04 1.5199e+05 1.1180e+05
15.7500 1.1813e+05 9.3630e+04 1.4992e+05 9.6304e+04 1.4728e+05 1.1233e+05 1.2653e+05 1.0863e+05 1.2763e+05 1.3894e+05 1.0318e+05 1.2513e+05 9.6304e+04 1.4728e+05 1.0853e+05
15.8500 1.1459e+05 9.0890e+04 1.4530e+05 9.3486e+04 1.4273e+05 1.0901e+05 1.2270e+05 1.0537e+05 1.2382e+05 1.3474e+05 1.0010e+05 1.2133e+05 9.3486e+04 1.4273e+05 1.0537e+05
15.9500 1.1118e+05 8.8243e+04 1.4085e+05 9.0764e+04 1.3835e+05 1.0579e+05 1.1902e+05 1.0222e+05 1.2014e+05 1.3069e+05 9.7127e+04 1.1766e+05 9.0764e+04 1.3835e+05 1.0232e+05
16.0500 1.0789e+05 8.5687e+04 1.3655e+05 8.8136e+04 1.3413e+05 1.0269e+05 1.1546e+05 9.9190e+04 1.1659e+05 1.2678e+05 9.4260e+04 1.1412e+05 8.8136e+04 1.3413e+05 9.9366e+04
16.1500 1.0471e+05 8.3217e+04 1.3241e+05 8.5596e+04 1.3006e+05 9.9695e+04 1.1202e+05 9.6261e+04 1.1316e+05 1.2301e+05 9.1491e+04 1.1071e+05 8.5596e+04 1.3006e+05 9.6517e+04
16.2500 1.0164e+05 8.0831e+04 1.2842e+05 8.3142e+04 1.2613e+05 9.6802e+04 1.0871e+05 9.3434e+04 1.0986e+05 1.1938e+05 8.8818e+04 1.0741e+05 8.3142e+04 1.2613e+05 9.3763e+04
16.3500 9.8682e+04 7.8524e+04 1.2457e+05 8.0770e+04 1.2234e+05 9.4008e+04 1.0551e+05 9.0704e+04 1.0666e+05 1.1586e+05 8.6237e+04 1.0424e+05 8.0770e+04 1.2234e+05 9.1101e+04
16.4500 9.5821e+04 7.6295e+04 1.2085e+05 7.8478e+04 1.1869e+05 9.1308e+04 1.0242e+05 8.8068e+04 1.0357e+05 1.1247e+05 8.3744e+04 1.0117e+05 7.8478e+04 1.1869e+05 8.8527e+04
16.5500 9.3057e+04 7.4140e+04 1.1727e+05 7.6262e+04 1.1516e+05 8.8699e+04 9.9441e+04 8.5522e+04 1.0059e+05 1.0920e+05 8.1335e+04 9.8203e+04 7.6262e+04 1.1516e+05 8.6039e+04
16.6500 9.0387e+04 7.2056e+04 1.1381e+05 7.4119e+04 1.1176e+05 8.6177e+04 9.6561e+04 8.3062e+04 9.7712e+04 1.0603e+05 7.9008e+04 9.5342e+04 7.4119e+04 1.1176e+05 8.3632e+04
16.7500 8.7807e+04 7.0040e+04 1.1047e+05 7.2046e+04 1.0847e+05 8.3740e+04 9.3779e+04 8.0685e+04 9.4928e+04 1.0298e+05 7.6759e+04 9.2578e+04 7.2046e+04 1.0847e+05 8.1304e+04
16.8500 8.5313e+04 6.8091e+04 1.0724e+05 7.0042e+04 1.0530e+05 8.1383e+04 9.1092e+04 7.8389e+04 9.2238e+04 1.0002e+05 7.4585e+04 8.9909e+04 7.0042e+04 1.0530e+05 7.9051e+04
16.9500 8.2903e+04 6.6205e+04 1.0412e+05 6.8102e+04 1.0223e+05 7.9105e+04 8.8495e+04 7.6169e+04 8.9637e+04 9.7171e+04 7.2484e+04 8.7330e+04 6.8102e+04 1.0223e+05 7.6872e+04
17.0500 8.0572e+04 6.4380e+04 1.0111e+05 6.6226e+04 9.9274e+04 7.6901e+04 8.5985e+04 7.4023e+04 8.7122e+04 9.4414e+04 7.0452e+04 8.4837e+04 6.6226e+04 9.9274e+04 7.4763e+04
17.1500 7.8319e+04 6.2614e+04 9.8206e+04 6.4410e+04 9.6414e+04 7.4770e+04 8.3559e+04 7.1949e+04 8.4690e+04 9.1748e+04 6.8487e+04 8.2428e+04 6.4410e+04 9.6414e+04 7.2721e+04
17.2500 7.6140e+04 6.0905e+04 9.5396e+04 6.2652e+04 9.3652e+04 7.2708e+04 8.1214e+04 6.9942e+04 8.2338e+04 8.9171e+04 6.6586e+04 8.0099e+04 6.2652e+04 9.3652e+04 7.0745e+04
17.3500 7.4033e+04 5.9250e+04 9.2682e+04 6.0951e+04 9.0982e+04 7.0713e+04 7.8946e+04 6.8002e+04 8.0063e+04 8.6679e+04 6.4748e+04 7.7848e+04 6.0951e+04 9.0982e+04 6.8831e+04
17.4500 7.1994e+04 5.7648e+04 9.0057e+04 5.9304e+04 8.8401e+04 6.8783e+04 7.6753e+04 6.6126e+04 7.7862e+04 8.4270e+04 6.2969e+04 7.5671e+04 5.9304e+04 8.8401e+04 6.6978e+04
17.5500 7.0021e+04 5.6097e+04 8.7520e+04 5.7708e+04 8.5907e+04 6.6915e+04 7.4632e+04 6.4310e+04 7.5732e+04 8.1939e+04 6.1248e+04 7.3565e+04 5.7708e+04 8.5907e+04 6.5183e+04
17.6500 6.8112e+04 5.4595e+04 8.5067e+04 5.6163e+04 8.3495e+04 6.5106e+04 7.2579e+04 6.2553e+04 7.3671e+04 7.9683e+04 5.9582e+04 7.1528e+04 5.6163e+04 8.3495e+04 6.3445e+04
17.7500 6.6263e+04 5.3140e+04 8.2695e+04 5.4667e+04 8.1162e+04 6.3354e+04 7.0592e+04 6.0852e+04 7.1675e+04 7.7500e+04 5.7969e+04 6.9557e+04 5.4667e+04 8.1162e+04 6.1760e+04
17.8500 6.4473e+04 5.1730e+04 8.0400e+04 5.3217e+04 7.8905e+04 6.1656e+04 6.8669e+04 5.9204e+04 6.9742e+04 7.5386e+04 5.6407e+04 6.7650e+04 5.3217e+04 7.8905e+04 6.0128e+04
17.9500 6.2739e+04 5.0364e+04 7.8179e+04 5.1812e+04 7.6722e+04 6.0012e+04 6.6807e+04 5.7609e+04 6.7870e+04 7.3339e+04 5.4894e+04 6.5804e+04 5.1812e+04 7.6722e+04 5.8547e+04
18.0500 6.1060e+04 4.9040e+04 7.6031e+04 5.0451e+04 7.4610e+04 5.8418e+04 6.5004e+04 5.6064e+04 6.6056e+04 7.1357e+04 5.3428e+04 6.4016e+04 5.0451e+04 7.4610e+04 5.7014e+04
18.1500 5.9433e+04 4.7756e+04 7.3952e+04 4.9132e+04 7.2566e+04 5.6874e+04 6.3258e+04 5.4566e+04 6.4299e+04 6.9437e+04 5.2008e+04 6.2286e+04 4.9132e+04 7.2566e+04 5.5527e+04
18.2500 5.7856e+04 4.6512e+04 7.1939e+04 4.7852e+04 7.0588e+04 5.5378e+04 6.1566e+04 5.3116e+04 6.2596e+04 6.7577e+04 5.0632e+04 6.0611e+04 4.7852e+04 7.0588e+04 5.4087e+04
18.3500 5.6328e+04 4.5306e+04 6.9991e+04 4.6612e+04 6.8672e+04 5.3927e+04 5.9928e+04 5.1710e+04 6.0946e+04 6.5775e+04 4.9298e+04 5.8988e+04 4.6612e+04 6.8672e+04 5.2689e+04
18.4500 5.4847e+04 4.4136e+04 6.8104e+04 4.5410e+04 6.6818e+04 5.2520e+04 5.8340e+04 5.0348e+04 5.9347e+04 6.4029e+04 4.8006e+04 5.7416e+04 4.5410e+04 6.6818e+04 5.1334e+04
18.5500 5.3412e+04 4.3002e+04 6.6277e+04 4.4244e+04 6.5022e+04 5.1156e+04 5.6802e+04 4.9027e+04 5.7797e+04 6.2337e+04 4.6753e+04 5.5893e+04 4.4244e+04 6.5022e+04 5.0020e+04
18.6500 5.2020e+04 4.1901e+04 6.4507e+04 4.3112e+04 6.3283e+04 4.9834e+04 5.5310e+04 4.7747e+04 5.6294e+04 6.0697e+04 4.5538e+04 5.4418e+04 4.3112e+04 6.3283e+04 4.8745e+04
18.7500 5.0671e+04 4.0834e+04 6.2793e+04 4.2015e+04 6.1598e+04 4.8551e+04 5.3865e+04 4.6506e+04 5.4836e+04 5.9107e+04 4.4360e+04 5.2988e+04 4.2015e+04 6.1598e+04 4.7508e+04
18.8500 4.9363e+04 3.9798e+04 6.1133e+04 4.0951e+04 5.9966e+04 4.7307e+04 5.2464e+04 4.5302e+04 5.3423e+04 5.7566e+04 4.3218e+04 5.1602e+04 4.0951e+04 5.9966e+04 4.6308e+04
18.9500 4.8094e+04 3.8793e+04 5.9523e+04 3.9918e+04 5.8384e+04 4.6100e+04 5.1105e+04 4.4135e+04 5.2052e+04 5.6071e+04 4.2110e+04 5.0259e+04 3.9918e+04 5.8384e+04 4.5143e+04
19.0500 4.6863e+04 3.7818e+04 5.7964e+04 3.8915e+04 5.6852e+04 4.4928e+04 4.9788e+04 4.3003e+04 5.0723e+04 5.4622e+04 4.1036e+04 4.8956e+04 3.8915e+04 5.6852e+04 4.4012e+04
19.1500 4.5669e+04 3.6871e+04 5.6452e+04 3.7942e+04 5.5366e+04 4.3792e+04 4.8510e+04 4.1905e+04 4.9433e+04 5.3216e+04 3.9993e+04 4.7694e+04 3.7942e+04 5.5366e+04 4.2914e+04
19.2500 4.4510e+04 3.5953e+04 5.4987e+04 3.6998e+04 5.3926e+04 4.2689e+04 4.7270e+04 4.0840e+04 4.8181e+04 5.1853e+04 3.8981e+04 4.6469e+04 3.6998e+04 5.3926e+04 4.1849e+04
19.3500 4.3386e+04 3.5060e+04 5.3566e+04 3.6080e+04 5.2530e+04 4.1618e+04 4.6068e+04 3.9806e+04 4.6966e+04 5.0530e+04 3.8000e+04 4.5281e+04 3.6080e+04 5.2530e+04 4.0814e+04
19.4500 4.2295e+04 3.4194e+04 5.2188e+04 3.5190e+04 5.1176e+04 4.0579e+04 4.4902e+04 3.8802e+04 4.5787e+04 4.9247e+04 3.7047e+04 4.4128e+04 3.5190e+04 5.1176e+04 3.9809e+04
19.5500 4.1236e+04 3.3353e+04 5.0852e+04 3.4325e+04 4.9864e+04 3.9570e+04 4.3770e+04 3.7829e+04 4.4643e+04 4.8001e+04 3.6122e+04 4.3010e+04 3.4325e+04 4.9864e+04 3.8833e+04
19.6500 4.0208e+04 3.2536e+04 4.9556e+04 3.3485e+04 4.8590e+04 3.8591e+04 4.2671e+04 3.6884e+04 4.3532e+04 4.6793e+04 3.5224e+04 4.1926e+04 3.3485e+04 4.8590e+04 3.7885e+04
19.7500 3.9210e+04 3.1742e+04 4.8298e+04 3.2670e+04 4.7355e+04 3.7639e+04 4.1605e+04 3.5966e+04 4.2454e+04 4.5620e+04 3.4352e+04 4.0873e+04 3.2670e+04 4.7355e+04 3.6964e+04
19.8500 3.8241e+04 3.0971e+04 4.7078e+04 3.1877e+04 4.6156e+04 3.6716e+04 4.0570e+04 3.5076e+04 4.1407e+04 4.4481e+04 3.3506e+04 3.9851e+04 3.1877e+04 4.6156e+04 3.6070e+04
19.9500 3.7300e+04 3.0222e+04 4.5894e+04 3.1107e+04 4.4994e+04 3.5818e+04 3.9565e+04 3.4210e+04 4.0390e+04 4.3376e+04 3.2684e+04 3.8859e+04 3.1107e+04 4.4994e+04 3.5200e+04
20.0500 3.6386e+04 2.9494e+04 4.4746e+04 3.0359e+04 4.3865e+04 3.4946e+04 3.8589e+04 3.3371e+04 3.9402e+04 4.2302e+04 3.1885e+04 3.7896e+04 3.0359e+04 4.3865e+04 3.4355e+04
20.1500 3.5499e+04 2.8787e+04 4.3630e+04 2.9632e+04 4.2769e+04 3.4100e+04 3.7642e+04 3.2555e+04 3.8442e+04 4.1260e+04 3.1110e+04 3.6961e+04 2.9632e+04 4.2769e+04 3.3534e+04
20.2500 3.4636e+04 2.8099e+04 4.2548e+04 2.8925e+04 4.1706e+04 3.3277e+04 3.6722e+04 3.1762e+04 3.7510e+04 4.0248e+04 3.0356e+04 3.6053e+04 2.8925e+04 4.1706e+04 3.2735e+04
20.3500 3.3799e+04 2.7431e+04 4.1496e+04 2.8238e+04 4.0674e+04 3.2477e+04 3.5828e+04 3.0993e+04 3.6605e+04 3.9265e+04 2.9624e+04 3.5172e+04 2.8238e+04 4.0674e+04 3.1959e+04
20.4500 3.2985e+04 2.6781e+04 4.0476e+04 2.7570e+04 3.9671e+04 3.1700e+04 3.4960e+04 3.0245e+04 3.5725e+04 3.8310e+04 2.8912e+04 3.4315e+04 2.7570e+04 3.9671e+04 3.1204e+04
20.5500 3.2194e+04 2.6150e+04 3.9485e+04 2.6920e+04 3.8698e+04 3.0945e+04 3.4116e+04 2.9518e+04 3.4870e+04 3.7383e+04 2.8221e+04 3.3483e+04 2.6920e+04 3.8698e+04 3.0471e+04
20.6500 3.1425e+04 2.5535e+04 3.8522e+04 2.6289e+04 3.7752e+04 3.0211e+04 3.3296e+04 2.8812e+04 3.4038e+04 3.6481e+04 2.7549e+04 3.2674e+04 2.6289e+04 3.7752e+04 2.9757e+04
20.7500 3.0678e+04 2.4938e+04 3.7586e+04 2.5674e+04 3.6834e+04 2.9497e+04 3.2500e+04 2.8126e+04 3.3231e+04 3.5606e+04 2.6896e+04 3.1889e+04 2.5674e+04 3.6834e+04 2.9063e+04
20.8500 2.9952e+04 2.4357e+04 3.6678e+04 2.5077e+04 3.5941e+04 2.8803e+04 3.1726e+04 2.7458e+04 3.2445e+04 3.4755e+04 2.6261e+04 3.1125e+04 2.5077e+04 3.5941e+04 2.8388e+04
20.9500 2.9246e+04 2.3792e+04 3.5795e+04 2.4496e+04 3.5074e+04 2.8128e+04 3.0974e+04 2.6810e+04 3.1682e+04 3.3927e+04 2.5643e+04 3.0383e+04 2.4496e+04 3.5074e+04 2.7731e+04
21.0500 2.8559e+04 2.3242e+04 3.4937e+04 2.3930e+04 3.4232e+04 2.7472e+04 3.0242e+04 2.6180e+04 3.0939e+04 3.3123e+04 2.5043e+04 2.9662e+04 2.3930e+04 3.4232e+04 2.7091e+04
21.1500 2.7892e+04 2.2707e+04 3.4103e+04 2.3380e+04 3.3413e+04 2.6834e+04 2.9531e+04 2.5566e+04 3.0217e+04 3.2342e+04 2.4459e+04 2.8961e+04 2.3380e+04 3.3413e+04 2.6470e+04
21.2500 2.7243e+04 2.2187e+04 3.3292e+04 2.2845e+04 3.2617e+04 2.6213e+04 2.8840e+04 2.4970e+04 2.9515e+04 3.1582e+04 2.3891e+04 2.8279e+04 2.2845e+04 3.2617e+04 2.5864e+04
21.3500 2.6611e+04 2.1680e+04 3.2504e+04 2.2324e+04 3.1844e+04 2.5610e+04 2.8167e+04 2.4391e+04 2.8832e+04 3.0843e+04 2.3339e+04 2.7616e+04 2.2324e+04 3.1844e+04 2.5275e+04
21.4500 2.5997e+04 2.1187e+04 3.1738e+04 2.1817e+04 3.1091e+04 2.5022e+04 2.7513e+04 2.3827e+04 2.8167e+04 3.0125e+04 2.2802e+04 2.6971e+04 2.1817e+04 3.1091e+04 2.4702e+04
21.5500 2.5400e+04 2.0707e+04 3.0993e+04 2.1323e+04 3.0360e+04 2.4450e+04 2.6877e+04 2.3278e+04 2.7521e+04 2.9426e+04 2.2279e+04 2.6344e+04 2.1323e+04 3.0360e+04 2.4144e+04
21.6500 2.4818e+04 2.0240e+04 3.0269e+04 2.0843e+04 2.9649e+04 2.3894e+04 2.6258e+04 2.2744e+04 2.6892e+04 2.8746e+04 2.1770e+04 2.5733e+04 2.0843e+04 2.9649e+04 2.3600e+04
21.7500 2.4252e+04 1.9785e+04 2.9564e+04 2.0375e+04 2.8957e+04 2.3352e+04 2.5656e+04 2.2225e+04 2.6279e+04 2.8084e+04 2.1274e+04 2.5140e+04 2.0375e+04 2.8957e+04 2.3071e+04
21.8500 2.3701e+04 1.9342e+04 2.8879e+04 1.9919e+04 2.8284e+04 2.2825e+04 2.5070e+04 2.1719e+04 2.5683e+04 2.7440e+04 2.0792e+04 2.4562e+04 1.9919e+04 2.8284e+04 2.2556e+04
21.9500 2.3165e+04 1.8911e+04 2.8212e+04 1.9476e+04 2.7630e+04 2.2311e+04 2.4500e+04 2.1227e+04 2.5102e+04 2.6813e+04 2.0323e+04 2.4000e+04 1.9476e+04 2.7630e+04 2.2054e+04
22.0500 2.2643e+04 1.8491e+04 2.7563e+04 1.9043e+04 2.6993e+04 2.1811e+04 2.3944e+04 2.0748e+04 2.4538e+04 2.6203e+04 1.9866e+04 2.3453e+04 1.9043e+04 2.6993e+04 2.1565e+04
22.1500 2.2134e+04 1.8082e+04 2.6932e+04 1.8622e+04 2.6374e+04 2.1324e+04 2.3404e+04 2.0281e+04 2.3987e+04 2.5609e+04 1.9421e+04 2.2921e+04 1.8622e+04 2.6374e+04 2.1089e+04
22.2500 2.1639e+04 1.7683e+04 2.6318e+04 1.8212e+04 2.5771e+04 2.0850e+04 2.2878e+04 1.9827e+04 2.3452e+04 2.5031e+04 1.8988e+04 2.2403e+04 1.8212e+04 2.5771e+04 2.0625e+04
22.3500 2.1157e+04 1.7295e+04 2.5720e+04 1.7813e+04 2.5184e+04 2.0388e+04 2.2365e+04 1.9384e+04 2.2930e+04 2.4468e+04 1.8566e+04 2.1898e+04 1.7813e+04 2.5184e+04 2.0173e+04
22.4500 2.0688e+04 1.6916e+04 2.5138e+04 1.7424e+04 2.4613e+04 1.9938e+04 2.1866e+04 1.8954e+04 2.2422e+04 2.3920e+04 1.8155e+04 2.1407e+04 1.7424e+04 2.4613e+04 1.9733e+04
22.5500 2.0230e+04 1.6548e+04 2.4571e+04 1.7044e+04 2.4057e+04 1.9500e+04 2.1380e+04 1.8534e+04 2.1926e+04 2.3386e+04 1.7754e+04 2.0929e+04 1.7044e+04 2.4057e+04 1.9304e+04
22.6500 1.9785e+04 1.6188e+04 2.4020e+04 1.6675e+04 2.3516e+04 1.9073e+04 2.0907e+04 1.8125e+04 2.1444e+04 2.2866e+04 1.7364e+04 2.0463e+04 1.6675e+04 2.3516e+04 1.8886e+04
22.7500 1.9351e+04 1.5838e+04 2.3482e+04 1.6314e+04 2.2989e+04 1.8656e+04 2.0446e+04 1.7727e+04 2.0974e+04 2.2360e+04 1.6984e+04 2.0009e+04 1.6314e+04 2.2989e+04 1.8478e+04
22.8500 1.8928e+04 1.5497e+04 2.2959e+04 1.5963e+04 2.2476e+04 1.8251e+04 1.9997e+04 1.7339e+04 2.0516e+04 2.1866e+04 1.6614e+04 1.9567e+04 1.5963e+04 2.2476e+04 1.8081e+04
22.9500 1.8516e+04 1.5164e+04 2.2450e+04 1.5621e+04 2.1976e+04 1.7856e+04 1.9559e+04 1.6961e+04 2.0070e+04 2.1386e+04 1.6253e+04 1.9137e+04 1.5621e+04 2.1976e+04 1.7693e+04
23.0500 1.8114e+04 1.4840e+04 2.1954e+04 1.5287e+04 2.1489e+04 1.7470e+04 1.9133e+04 1.6592e+04 1.9636e+04 2.0917e+04 1.5901e+04 1.8717e+04 1.5287e+04 2.1489e+04 1.7316e+04
23.1500 1.7722e+04 1.4524e+04 2.1471e+04 1.4962e+04 2.1015e+04 1.7095e+04 1.8718e+04 1.6233e+04 1.9212e+04 2.0461e+04 1.5558e+04 1.8309e+04 1.4962e+04 2.1015e+04 1.6947e+04
23.2500 1.7341e+04 1.4215e+04 2.1000e+04 1.4644e+04 2.0553e+04 1.6728e+04 1.8313e+04 1.5883e+04 1.8798e+04 2.0016e+04 1.5224e+04 1.7911e+04 1.4644e+04 2.0553e+04 1.6588e+04
23.3500 1.6969e+04 1.3914e+04 2.0541e+04 1.4335e+04 2.0103e+04 1.6371e+04 1.7918e+04 1.5542e+04 1.8396e+04 1.9583e+04 1.4898e+04 1.7522e+04 1.4335e+04 2.0103e+04 1.6238e+04
23.4500 1.6606e+04 1.3621e+04 2.0094e+04 1.4033e+04 1.9665e+04 1.6023e+04 1.7533e+04 1.5209e+04 1.8003e+04 1.9160e+04 1.4581e+04 1.7144e+04 1.4033e+04 1.9665e+04 1.5897e+04
23.5500 1.6253e+04 1.3335e+04 1.9658e+04 1.3739e+04 1.9237e+04 1.5684e+04 1.7158e+04 1.4885e+04 1.7620e+04 1.8748e+04 1.4271e+04 1.6776e+04 1.3739e+04 1.9237e+04 1.5564e+04
23.6500 1.5908e+04 1.3056e+04 1.9234e+04 1.3452e+04 1.8821e+04 1.5353e+04 1.6792e+04 1.4569e+04 1.7247e+04 1.8347e+04 1.3969e+04 1.6416e+04 1.3452e+04 1.8821e+04 1.5239e+04
23.7500 1.5572e+04 1.2784e+04 1.8820e+04 1.3172e+04 1.8415e+04 1.5030e+04 1.6436e+04 1.4261e+04 1.6883e+04 1.7955e+04 1.3674e+04 1.6066e+04 1.3172e+04 1.8415e+04 1.4922e+04
23.8500 1.5244e+04 1.2518e+04 1.8417e+04 1.2898e+04 1.8020e+04 1.4715e+04 1.6088e+04 1.3960e+04 1.6528e+04 1.7574e+04 1.3387e+04 1.5724e+04 1.2898e+04 1.8020e+04 1.4612e+04
23.9500 1.4924e+04 1.2259e+04 1.8023e+04 1.2632e+04 1.7634e+04 1.4408e+04 1.5749e+04 1.3667e+04 1.6181e+04 1.7201e+04 1.3107e+04 1.5391e+04 1.2632e+04 1.7634e+04 1.4311e+04
24.0500 1.4612e+04 1.2006e+04 1.7640e+04 1.2372e+04 1.7258e+04 1.4108e+04 1.5418e+04 1.3380e+04 1.5843e+04 1.6838e+04 1.2833e+04 1.5066e+04 1.2372e+04 1.7258e+04 1.4016e+04
24.1500 1.4308e+04 1.1760e+04 1.7266e+04 1.2118e+04 1.6892e+04 1.3815e+04 1.5096e+04 1.3101e+04 1.5514e+04 1.6484e+04 1.2567e+04 1.4749e+04 1.2118e+04 1.6892e+04 1.3729e+04
24.2500 1.4010e+04 1.1519e+04 1.6901e+04 1.1870e+04 1.6534e+04 1.3530e+04 1.4781e+04 1.2829e+04 1.5192e+04 1.6139e+04 1.2306e+04 1.4440e+04 1.1870e+04 1.6534e+04 1.3448e+04
24.3500 1.3721e+04 1.1284e+04 1.6546e+04 1.1628e+04 1.6185e+04 1.3251e+04 1.4474e+04 1.2564e+04 1.4878e+04 1.5802e+04 1.2052e+04 1.4139e+04 1.1628e+04 1.6185e+04 1.3174e+04
24.4500 1.3438e+04 1.1054e+04 1.6199e+04 1.1392e+04 1.5845e+04 1.2980e+04 1.4175e+04 1.2304e+04 1.4572e+04 1.5473e+04 1.1805e+04 1.3845e+04 1.1392e+04 1.5845e+04 1.2907e+04
24.5500 1.3162e+04 1.0830e+04 1.5861e+04 1.1162e+04 1.5514e+04 1.2714e+04 1.3882e+04 1.2051e+04 1.4273e+04 1.5153e+04 1.1563e+04 1.3558e+04 1.1162e+04 1.5514e+04 1.2646e+04
24.6500 1.2893e+04 1.0612e+04 1.5531e+04 1.0936e+04 1.5190e+04 1.2455e+04 1.3597e+04 1.1804e+04 1.3981e+04 1.4840e+04 1.1327e+04 1.3278e+04 1.0936e+04 1.5190e+04 1.2392e+04
24.7500 1.2630e+04 1.0398e+04 1.5209e+04 1.0717e+04 1.4874e+04 1.2202e+04 1.3319e+04 1.1564e+04 1.3696e+04 1.4534e+04 1.1096e+04 1.3004e+04 1.0717e+04 1.4874e+04 1.2143e+04
24.8500 1.2373e+04 1.0190e+04 1.4894e+04 1.0502e+04 1.4566e+04 1.1956e+04 1.3047e+04 1.1328e+04 1.3418e+04 1.4236e+04 1.0871e+04 1.2738e+04 1.0502e+04 1.4566e+04 1.1900e+04
24.9500 1.2123e+04 9.9865e+03 1.4588e+04 1.0293e+04 1.4266e+04 1.1715e+04 1.2782e+04 1.1099e+04 1.3147e+04 1.3945e+04 1.0652e+04 1.2478e+04 1.0293e+04 1.4266e+04 1.1663e+04
25.0500 1.1878e+04 9.7876e+03 1.4289e+04 1.0088e+04 1.3973e+04 1.1480e+04 1.2523e+04 1.0875e+04 1.2882e+04 1.3662e+04 1.0437e+04 1.2224e+04 1.0088e+04 1.3973e+04 1.1431e+04
25.1500 1.1640e+04 9.5935e+03 1.3996e+04 9.8883e+03 1.3686e+04 1.1250e+04 1.2270e+04 1.0656e+04 1.2623e+04 1.3384e+04 1.0228e+04 1.1976e+04 9.8883e+03 1.3686e+04 1.1205e+04
25.2500 1.1406e+04 9.4039e+03 1.3711e+04 9.6931e+03 1.3407e+04 1.1025e+04 1.2023e+04 1.0442e+04 1.2370e+04 1.3114e+04 1.0024e+04 1.1733e+04 9.6931e+03 1.3407e+04 1.0984e+04
25.3500 1.1179e+04 9.2186e+03 1.3433e+04 9.5024e+03 1.3134e+04 1.0806e+04 1.1782e+04 1.0234e+04 1.2124e+04 1.2850e+04 9.8239e+03 1.1497e+04 9.5024e+03 1.3134e+04 1.0768e+04
25.4500 1.0956e+04 9.0377e+03 1.3162e+04 9.3161e+03 1.2868e+04 1.0592e+04 1.1547e+04 1.0030e+04 1.1883e+04 1.2592e+04 9.6289e+03 1.1266e+04 9.3161e+03 1.2868e+04 1.0557e+04
25.5500 1.0739e+04 8.8609e+03 1.2896e+04 9.1341e+03 1.2608e+04 1.0383e+04 1.1317e+04 9.8307e+03 1.1647e+04 1.2340e+04 9.4384e+03 1.1041e+04 9.1341e+03 1.2608e+04 1.0351e+04
25.6500 1.0527e+04 8.6882e+03 1.2637e+04 8.9563e+03 1.2355e+04 1.0179e+04 1.1093e+04 9.6363e+03 1.1417e+04 1.2094e+04 9.2523e+03 1.0821e+04 8.9563e+03 1.2355e+04 1.0150e+04
25.7500 1.0320e+04 8.5194e+03 1.2384e+04 8.7826e+03 1.2107e+04 9.9792e+03 1.0874e+04 9.4464e+03 1.1193e+04 1.1853e+04 9.0705e+03 1.0606e+04 8.7826e+03 1.2107e+04 9.9528e+03
25.8500 1.0117e+04 8.3545e+03 1.2137e+04 8.6128e+03 1.1865e+04 9.7842e+03 1.0659e+04 9.2609e+03 1.0973e+04 1.1619e+04 8.8929e+03 1.0396e+04 8.6128e+03 1.1865e+04 9.7605e+03
25.9500 9.9192e+03 8.1933e+03 1.1896e+04 8.4468e+03 1.1628e+04 9.5937e+03 1.0450e+04 9.0797e+03 1.0759e+04 1.1390e+04 8.7194e+03 1.0190e+04 8.4468e+03 1.1628e+04 9.5725e+03
26.0500 9.7259e+03 8.0357e+03 1.1660e+04 8.2846e+03 1.1398e+04 9.4075e+03 1.0246e+04 8.9026e+03 1.0549e+04 1.1166e+04 8.5498e+03 9.9899e+03 8.2846e+03 1.1398e+04 9.3889e+03
26.1500 9.5370e+03 7.8817e+03 1.1430e+04 8.1260e+03 1.1172e+04 9.2255e+03 1.0046e+04 8.7296e+03 1.0344e+04 1.0947e+04 8.3840e+03 9.7941e+03 8.1260e+03 1.1172e+04 9.2092e+03
26.2500 9.3524e+03 7.7312e+03 1.1205e+04 7.9710e+03 1.0952e+04 9.0477e+03 9.8507e+03 8.5604e+03 1.0144e+04 1.0733e+04 8.2221e+03 9.6027e+03 7.9710e+03 1.0952e+04 9.0336e+03
26.3500 9.1720e+03 7.5839e+03 1.0986e+04 7.8194e+03 1.0737e+04 8.8738e+03 9.6599e+03 8.3952e+03 9.9487e+03 1.0524e+04 8.0637e+03 9.4157e+03 7.8194e+03 1.0737e+04 8.8619e+03
26.4500 8.9956e+03 7.4400e+03 1.0771e+04 7.6711e+03 1.0526e+04 8.7039e+03 9.4735e+03 8.2336e+03 9.7575e+03 1.0320e+04 7.9090e+03 9.2330e+03 7.6711e+03 1.0526e+04 8.6940e+03
26.5500 8.8231e+03 7.2992e+03 1.0561e+04 7.5261e+03 1.0321e+04 8.5377e+03 9.2912e+03 8.0757e+03 9.5706e+03 1.0120e+04 7.7577e+03 9.0544e+03 7.5261e+03 1.0321e+04 8.5298e+03
26.6500 8.6546e+03 7.1615e+03 1.0356e+04 7.3844e+03 1.0120e+04 8.3752e+03 9.1131e+03 7.9213e+03 9.3878e+03 9.9254e+03 7.6098e+03 8.8799e+03 7.3844e+03 1.0120e+04 8.3692e+03
26.7500 8.4898e+03 7.0269e+03 1.0156e+04 7.2457e+03 9.9240e+03 8.2164e+03 8.9389e+03 7.7704e+03 9.2092e+03 9.7348e+03 7.4651e+03 8.7093e+03 7.2457e+03 9.9240e+03 8.2121e+03
26.8500 8.3286e+03 6.8952e+03 9.9602e+03 7.1100e+03 9.7323e+03 8.0611e+03 8.7686e+03 7.6228e+03 9.0345e+03 9.5484e+03 7.3237e+03 8.5425e+03 7.1100e+03 9.7323e+03 8.0585e+03
26.9500 8.1711e+03 6.7664e+03 9.7688e+03 6.9774e+03 9.5449e+03 7.9091e+03 8.6021e+03 7.4785e+03 8.8636e+03 9.3662e+03 7.1854e+03 8.3795e+03 6.9774e+03 9.5449e+03 7.9081e+03
27.0500 8.0170e+03 6.6403e+03 9.5818e+03 6.8476e+03 9.3617e+03 7.7606e+03 8.4393e+03 7.3374e+03 8.6965e+03 9.1880e+03 7.0502e+03 8.2201e+03 6.8476e+03 9.3617e+03 7.7611e+03
27.1500 7.8663e+03 6.5171e+03 9.3989e+03 6.7206e+03 9.1827e+03 7.6153e+03 8.2801e+03 7.1994e+03 8.5332e+03 9.0139e+03 6.9179e+03 8.0642e+03 6.7206e+03 9.1827e+03 7.6172e+03
27.2500 7.7189e+03 6.3964e+03 9.2201e+03 6.5963e+03 9.0076e+03 7.4731e+03 8.1245e+03 7.0645e+03 8.3734e+03 8.8435e+03 6.7886e+03 7.9118e+03 6.5963e+03 9.0076e+03 7.4764e+03
27.3500 7.5748e+03 6.2784e+03 9.0453e+03 6.4748e+03 8.8365e+03 7.3341e+03 7.9722e+03 6.9325e+03 8.2170e+03 8.6770e+03 6.6620e+03 7.7627e+03 6.4748e+03 8.8365e+03 7.3387e+03
27.4500 7.4338e+03 6.1629e+03 8.8743e+03 6.3558e+03 8.6691e+03 7.1981e+03 7.8232e+03 6.8033e+03 8.0641e+03 8.5140e+03 6.5382e+03 7.6170e+03 6.3558e+03 8.6691e+03 7.2039e+03
27.5500 7.2958e+03 6.0499e+03 8.7071e+03 6.2394e+03 8.5055e+03 7.0650e+03 7.6776e+03 6.6770e+03 7.9145e+03 8.3547e+03 6.4171e+03 7.4744e+03 6.2394e+03 8.5055e+03 7.0720e+03
27.6500 7.1608e+03 5.9394e+03 8.5436e+03 6.1255e+03 8.3454e+03 6.9348e+03 7.5351e+03 6.5535e+03 7.7682e+03 8.1988e+03 6.2986e+03 7.3350e+03 6.1255e+03 8.3454e+03 6.9429e+03
27.7500 7.0288e+03 5.8311e+03 8.3838e+03 6.0139e+03 8.1889e+03 6.8074e+03 7.3956e+03 6.4326e+03 7.6250e+03 8.0464e+03 6.1827e+03 7.1986e+03 6.0139e+03 8.1889e+03 6.8166e+03
27.8500 6.8996e+03 5.7252e+03 8.2274e+03 5.9048e+03 8.0359e+03 6.6827e+03 7.2592e+03 6.3143e+03 7.4849e+03 7.8972e+03 6.0693e+03 7.0651e+03 5.9048e+03 8.0359e+03 6.6929e+03
27.9500 6.7732e+03 5.6215e+03 8.0744e+03 5.7980e+03 7.8861e+03 6.5607e+03 7.1257e+03 6.1985e+03 7.3477e+03 7.7513e+03 5.9582e+03 6.9346e+03 5.7980e+03 7.8861e+03 6.5718e+03
28.0500 6.6494e+03 5.5200e+03 7.9247e+03 5.6934e+03 7.7396e+03 6.4413e+03 6.9951e+03 6.0853e+03 7.2136e+03 7.6085e+03 5.8496e+03 6.8068e+03 5.6934e+03 7.7396e+03 6.4533e+03
28.1500 6.5284e+03 5.4206e+03 7.7783e+03 5.5910e+03 7.5964e+03 6.3244e+03 6.8673e+03 5.9744e+03 7.0822e+03 7.4688e+03 5.7433e+03 6.6818e+03 5.5910e+03 7.5964e+03 6.3373e+03
28.2500 6.4098e+03 5.3233e+03 7.6350e+03 5.4908e+03 7.4562e+03 6.2100e+03 6.7422e+03 5.8659e+03 6.9537e+03 7.3321e+03 5.6392e+03 6.5595e+03 5.4908e+03 7.4562e+03 6.2237e+03
28.3500 6.2938e+03 5.2281e+03 7.4948e+03 5.3926e+03 7.3190e+03 6.0980e+03 6.6198e+03 5.7597e+03 6.8279e+03 7.1983e+03 5.5373e+03 6.4398e+03 5.3926e+03 7.3190e+03 6.1124e+03
28.4500 6.1803e+03 5.1348e+03 7.3577e+03 5.2965e+03 7.1848e+03 5.9884e+03 6.5000e+03 5.6558e+03 6.7047e+03 7.0673e+03 5.4376e+03 6.3227e+03 5.2965e+03 7.1848e+03 6.0035e+03
28.5500 6.0691e+03 5.0435e+03 7.2234e+03 5.2024e+03 7.0534e+03 5.8811e+03 6.3827e+03 5.5541e+03 6.5841e+03 6.9392e+03 5.3400e+03 6.2080e+03 5.2024e+03 7.0534e+03 5.8969e+03
28.6500 5.9603e+03 4.9541e+03 7.0921e+03 5.1102e+03 6.9249e+03 5.7760e+03 6.2678e+03 5.4544e+03 6.4661e+03 6.8137e+03 5.2444e+03 6.0958e+03 5.1102e+03 6.9249e+03 5.7924e+03
28.7500 5.8537e+03 4.8665e+03 6.9635e+03 5.0200e+03 6.7991e+03 5.6731e+03 6.1554e+03 5.3569e+03 6.3505e+03 6.6909e+03 5.1508e+03 5.9859e+03 5.0200e+03 6.7991e+03 5.6901e+03
28.8500 5.7494e+03 4.7807e+03 6.8376e+03 4.9316e+03 6.6760e+03 5.5723e+03 6.0454e+03 5.2614e+03 6.2374e+03 6.5707e+03 5.0591e+03 5.8784e+03 4.9316e+03 6.6760e+03 5.5899e+03
28.9500 5.6473e+03 4.6967e+03 6.7144e+03 4.8450e+03 6.5554e+03 5.4736e+03 5.9376e+03 5.1679e+03 6.1266e+03 6.4530e+03 4.9694e+03 5.7731e+03 4.8450e+03 6.5554e+03 5.4918e+03
29.0500 5.5472e+03 4.6144e+03 6.5938e+03 4.7602e+03 6.4375e+03 5.3770e+03 5.8321e+03 5.0764e+03 6.0180e+03 6.3377e+03 4.8815e+03 5.6700e+03 4.7602e+03 6.4375e+03 5.3957e+03
29.1500 5.4492e+03 4.5338e+03 6.4757e+03 4.6771e+03 6.3220e+03 5.2824e+03 5.7287e+03 4.9867e+03 5.9118e+03 6.2249e+03 4.7955e+03 5.5691e+03 4.6771e+03 6.3220e+03 5.3016e+03
29.2500 5.3533e+03 4.4549e+03 6.3601e+03 4.5957e+03 6.2089e+03 5.1896e+03 5.6276e+03 4.8989e+03 5.8077e+03 6.1144e+03 4.7112e+03 5.4702e+03 4.5957e+03 6.2089e+03 5.2093e+03
29.3500 5.2593e+03 4.3775e+03 6.2469e+03 4.5160e+03 6.0982e+03 5.0988e+03 5.5284e+03 4.8129e+03 5.7057e+03 6.0062e+03 4.6286e+03 5.3734e+03 4.5160e+03 6.0982e+03 5.1189e+03
29.4500 5.1673e+03 4.3017e+03 6.1361e+03 4.4379e+03 5.9898e+03 5.0099e+03 5.4314e+03 4.7286e+03 5.6058e+03 5.9002e+03 4.5477e+03 5.2786e+03 4.4379e+03 5.9898e+03 5.0304e+03
29.5500 5.0771e+03 4.2275e+03 6.0275e+03 4.3613e+03 5.8836e+03 4.9228e+03 5.3363e+03 4.6461e+03 5.5080e+03 5.7964e+03 4.4685e+03 5.1858e+03 4.3613e+03 5.8836e+03 4.9436e+03
29.6500 4.9888e+03 4.1547e+03 5.9212e+03 4.2863e+03 5.7796e+03 4.8374e+03 5.2431e+03 4.5653e+03 5.4122e+03 5.6947e+03 4.3909e+03 5.0948e+03 4.2863e+03 5.7796e+03 4.8586e+03
29.7500 4.9022e+03 4.0834e+03 5.8171e+03 4.2128e+03 5.6778e+03 4.7537e+03 5.1519e+03 4.4861e+03 5.3183e+03 5.5952e+03 4.3148e+03 5.0057e+03 4.2128e+03 5.6778e+03 4.7753e+03
29.8500 4.8174e+03 4.0135e+03 5.7151e+03 4.1408e+03 5.5781e+03 4.6718e+03 5.0625e+03 4.4085e+03 5.2263e+03 5.4976e+03 4.2403e+03 4.9185e+03 4.1408e+03 5.5781e+03 4.6937e+03
29.9500 4.7343e+03 3.9450e+03 5.6152e+03 4.0702e+03 5.4804e+03 4.5914e+03 4.9749e+03 4.3324e+03 5.1361e+03 5.4020e+03 4.1673e+03 4.8330e+03 4.0702e+03 5.4804e+03 4.6137e+03
30.0500 4.6529e+03 3.8779e+03 5.5173e+03 4.0010e+03 5.3847e+03 4.5127e+03 4.8891e+03 4.2580e+03 5.0478e+03 5.3084e+03 4.0957e+03 4.7492e+03 4.0010e+03 5.3847e+03 4.5353e+03
30.1500 4.5731e+03 3.8121e+03 5.4215e+03 3.9332e+03 5.2910e+03 4.4356e+03 4.8050e+03 4.1850e+03 4.9613e+03 5.2167e+03 4.0256e+03 4.6671e+03 3.9332e+03 5.2910e+03 4.4584e+03
30.2500 4.4949e+03 3.7477e+03 5.3276e+03 3.8667e+03 5.1991e+03 4.3600e+03 4.7226e+03 4.1134e+03 4.8764e+03 5.1268e+03 3.9569e+03 4.5867e+03 3.8667e+03 5.1991e+03 4.3831e+03
30.3500 4.4183e+03 3.6845e+03 5.2355e+03 3.8016e+03 5.1092e+03 4.2859e+03 4.6419e+03 4.0433e+03 4.7933e+03 5.0387e+03 3.8896e+03 4.5079e+03 3.8016e+03 5.1092e+03 4.3092e+03
30.4500 4.3432e+03 3.6225e+03 5.1453e+03 3.7377e+03 5.0210e+03 4.2133e+03 4.5627e+03 3.9746e+03 4.7118e+03 4.9524e+03 3.8236e+03 4.4307e+03 3.7377e+03 5.0210e+03 4.2368e+03
30.5500 4.2696e+03 3.5618e+03 5.0570e+03 3.6751e+03 4.9346e+03 4.1421e+03 4.4852e+03 3.9072e+03 4.6319e+03 4.8678e+03 3.7588e+03 4.3550e+03 3.6751e+03 4.9346e+03 4.1659e+03
30.6500 4.1975e+03 3.5022e+03 4.9704e+03 3.6137e+03 4.8500e+03 4.0723e+03 4.4091e+03 3.8412e+03 4.5536e+03 4.7849e+03 3.6954e+03 4.2809e+03 3.6137e+03 4.8500e+03 4.0963e+03
30.7500 4.1267e+03 3.4438e+03 4.8855e+03 3.5535e+03 4.7670e+03 4.0039e+03 4.3346e+03 3.7765e+03 4.4769e+03 4.7036e+03 3.6332e+03 4.2082e+03 3.5535e+03 4.7670e+03 4.0281e+03
30.8500 4.0574e+03 3.3866e+03 4.8023e+03 3.4944e+03 4.6857e+03 3.9368e+03 4.2616e+03 3.7131e+03 4.4016e+03 4.6239e+03 3.5723e+03 4.1369e+03 3.4944e+03 4.6857e+03 3.9612e+03
30.9500 3.9894e+03 3.3304e+03 4.7208e+03 3.4366e+03 4.6060e+03 3.8711e+03 4.1899e+03 3.6509e+03 4.3279e+03 4.5459e+03 3.5125e+03 4.0671e+03 3.4366e+03 4.6060e+03 3.8956e+03
31.0500 3.9227e+03 3.2754e+03 4.6409e+03 3.3798e+03 4.5279e+03 3.8066e+03 4.1197e+03 3.5899e+03 4.2555e+03 4.4693e+03 3.4539e+03 3.9986e+03 3.3798e+03 4.5279e+03 3.8313e+03
31.1500 3.8574e+03 3.2214e+03 4.5626e+03 3.3241e+03 4.4513e+03 3.7433e+03 4.0509e+03 3.5301e+03 4.1846e+03 4.3943e+03 3.3964e+03 3.9314e+03 3.3241e+03 4.4513e+03 3.7682e+03
31.2500 3.7933e+03 3.1684e+03 4.4858e+03 3.2695e+03 4.3763e+03 3.6813e+03 3.9834e+03 3.4714e+03 4.1151e+03 4.3207e+03 3.3401e+03 3.8656e+03 3.2695e+03 4.3763e+03 3.7063e+03
31.3500 3.7304e+03 3.1165e+03 4.4105e+03 3.2160e+03 4.3027e+03 3.6205e+03 3.9172e+03 3.4139e+03 4.0468e+03 4.2486e+03 3.2848e+03 3.8011e+03 3.2160e+03 4.3027e+03 3.6457e+03
31.4500 3.6688e+03 3.0656e+03 4.3367e+03 3.1635e+03 4.2306e+03 3.5609e+03 3.8523e+03 3.3576e+03 3.9800e+03 4.1778e+03 3.2307e+03 3.7378e+03 3.1635e+03 4.2306e+03 3.5862e+03
31.5500 3.6083e+03 3.0156e+03 4.2643e+03 3.1119e+03 4.1598e+03 3.5024e+03 3.7886e+03 3.3023e+03 3.9144e+03 4.1085e+03 3.1775e+03 3.6757e+03 3.1119e+03 4.1598e+03 3.5278e+03
31.6500 3.5491e+03 2.9666e+03 4.1933e+03 3.0614e+03 4.0904e+03 3.4450e+03 3.7262e+03 3.2480e+03 3.8500e+03 4.0405e+03 3.1254e+03 3.6149e+03 3.0614e+03 4.0904e+03 3.4705e+03
31.7500 3.4909e+03 2.9185e+03 4.1237e+03 3.0118e+03 4.0224e+03 3.3887e+03 3.6649e+03 3.1948e+03 3.7869e+03 3.9738e+03 3.0742e+03 3.5552e+03 3.0118e+03 4.0224e+03 3.4143e+03
31.8500 3.4339e+03 2.8714e+03 4.0555e+03 2.9632e+03 3.9558e+03 3.3335e+03 3.6049e+03 3.1427e+03 3.7250e+03 3.9083e+03 3.0241e+03 3.4967e+03 2.9632e+03 3.9558e+03 3.3592e+03
31.9500 3.3779e+03 2.8251e+03 3.9885e+03 2.9154e+03 3.8904e+03 3.2793e+03 3.5460e+03 3.0915e+03 3.6643e+03 3.8442e+03 2.9749e+03 3.4392e+03 2.9154e+03 3.8904e+03 3.3052e+03
32.0500 3.3230e+03 2.7796e+03 3.9229e+03 2.8686e+03 3.8262e+03 3.2262e+03 3.4882e+03 3.0413e+03 3.6047e+03 3.7812e+03 2.9266e+03 3.3829e+03 2.8686e+03 3.8262e+03 3.2521e+03
32.1500 3.2692e+03 2.7351e+03 3.8585e+03 2.8227e+03 3.7633e+03 3.1741e+03 3.4315e+03 2.9920e+03 3.5463e+03 3.7195e+03 2.8792e+03 3.3277e+03 2.8227e+03 3.7633e+03 3.2000e+03
32.2500 3.2163e+03 2.6913e+03 3.7954e+03 2.7776e+03 3.7016e+03 3.1229e+03 3.3759e+03 2.9437e+03 3.4889e+03 3.6589e+03 2.8328e+03 3.2735e+03 2.7776e+03 3.7016e+03 3.1489e+03
32.3500 3.1645e+03 2.6484e+03 3.7334e+03 2.7333e+03 3.6411e+03 3.0727e+03 3.3213e+03 2.8962e+03 3.4327e+03 3.5995e+03 2.7872e+03 3.2203e+03 2.7333e+03 3.6411e+03 3.0987e+03
32.4500 3.1136e+03 2.6063e+03 3.6727e+03 2.6898e+03 3.5818e+03 3.0234e+03 3.2678e+03 2.8497e+03 3.3775e+03 3.5412e+03 2.7424e+03 3.1682e+03 2.6898e+03 3.5818e+03 3.0495e+03
32.5500 3.0637e+03 2.5650e+03 3.6131e+03 2.6472e+03 3.5235e+03 2.9751e+03 3.2153e+03 2.8041e+03 3.3233e+03 3.4840e+03 2.6985e+03 3.1170e+03 2.6472e+03 3.5235e+03 3.0012e+03
32.6500 3.0147e+03 2.5244e+03 3.5546e+03 2.6054e+03 3.4664e+03 2.9277e+03 3.1637e+03 2.7593e+03 3.2702e+03 3.4279e+03 2.6554e+03 3.0668e+03 2.6054e+03 3.4664e+03 2.9537e+03
32.7500 2.9667e+03 2.4846e+03 3.4972e+03 2.5643e+03 3.4103e+03 2.8811e+03 3.1132e+03 2.7153e+03 3.2180e+03 3.3728e+03 2.6132e+03 3.0176e+03 2.5643e+03 3.4103e+03 2.9072e+03
32.8500 2.9195e+03 2.4455e+03 3.4409e+03 2.5239e+03 3.3553e+03 2.8354e+03 3.0635e+03 2.6722e+03 3.1668e+03 3.3188e+03 2.5717e+03 2.9692e+03 2.5239e+03 3.3553e+03 2.8614e+03
32.9500 2.8732e+03 2.4071e+03 3.3857e+03 2.4844e+03 3.3014e+03 2.7906e+03 3.0148e+03 2.6298e+03 3.1165e+03 3.2658e+03 2.5309e+03 2.9218e+03 2.4844e+03 3.3014e+03 2.8166e+03
33.0500 2.8278e+03 2.3694e+03 3.3315e+03 2.4455e+03 3.2485e+03 2.7466e+03 2.9670e+03 2.5882e+03 3.0672e+03 3.2137e+03 2.4909e+03 2.8752e+03 2.4455e+03 3.2485e+03 2.7725e+03
33.1500 2.7832e+03 2.3324e+03 3.2783e+03 2.4073e+03 3.1965e+03 2.7033e+03 2.9201e+03 2.5474e+03 3.0188e+03 3.1626e+03 2.4517e+03 2.8296e+03 2.4073e+03 3.1965e+03 2.7292e+03
33.2500 2.7394e+03 2.2961e+03 3.2261e+03 2.3699e+03 3.1455e+03 2.6609e+03 2.8740e+03 2.5074e+03 2.9713e+03 3.1125e+03 2.4132e+03 2.7847e+03 2.3699e+03 3.1455e+03 2.6868e+03
33.3500 2.6964e+03 2.2604e+03 3.1748e+03 2.3331e+03 3.0955e+03 2.6193e+03 2.8288e+03 2.4681e+03 2.9246e+03 3.0633e+03 2.3754e+03 2.7407e+03 2.3331e+03 3.0955e+03 2.6450e+03
33.4500 2.6542e+03 2.2254e+03 3.1246e+03 2.2969e+03 3.0464e+03 2.5784e+03 2.7844e+03 2.4295e+03 2.8788e+03 3.0150e+03 2.3382e+03 2.6975e+03 2.2969e+03 3.0464e+03 2.6041e+03
33.5500 2.6128e+03 2.1910e+03 3.0752e+03 2.2615e+03 2.9982e+03 2.5382e+03 2.7409e+03 2.3916e+03 2.8339e+03 2.9676e+03 2.3018e+03 2.6551e+03 2.2615e+03 2.9982e+03 2.5639e+03
33.6500 2.5721e+03 2.1572e+03 3.0268e+03 2.2266e+03 2.9509e+03 2.4988e+03 2.6981e+03 2.3544e+03 2.7897e+03 2.9211e+03 2.2660e+03 2.6135e+03 2.2266e+03 2.9509e+03 2.5244e+03
33.7500 2.5321e+03 2.1241e+03 2.9792e+03 2.1924e+03 2.9044e+03 2.4601e+03 2.6561e+03 2.3178e+03 2.7464e+03 2.8754e+03 2.2308e+03 2.5726e+03 2.1924e+03 2.9044e+03 2.4856e+03
33.8500 2.4929e+03 2.0915e+03 2.9325e+03 2.1588e+03 2.8589e+03 2.4221e+03 2.6148e+03 2.2820e+03 2.7038e+03 2.8305e+03 2.1963e+03 2.5325e+03 2.1588e+03 2.8589e+03 2.4475e+03
33.9500 2.4544e+03 2.0595e+03 2.8867e+03 2.1258e+03 2.8141e+03 2.3848e+03 2.5744e+03 2.2468e+03 2.6620e+03 2.7864e+03 2.1624e+03 2.4931e+03 2.1258e+03 2.8141e+03 2.4101e+03
34.0500 2.4166e+03 2.0281e+03 2.8417e+03 2.0934e+03 2.7702e+03 2.3482e+03 2.5346e+03 2.2122e+03 2.6209e+03 2.7432e+03 2.1292e+03 2.4544e+03 2.0934e+03 2.7702e+03 2.3733e+03
34.1500 2.3794e+03 1.9973e+03 2.7975e+03 2.0616e+03 2.7271e+03 2.3122e+03 2.4956e+03 2.1782e+03 2.5806e+03 2.7007e+03 2.0965e+03 2.4164e+03 2.0616e+03 2.7271e+03 2.3372e+03
34.2500 2.3430e+03 1.9669e+03 2.7541e+03 2.0303e+03 2.6847e+03 2.2768e+03 2.4572e+03 2.1448e+03 2.5411e+03 2.6590e+03 2.0644e+03 2.3791e+03 2.0303e+03 2.6847e+03 2.3017e+03
34.3500 2.3072e+03 1.9372e+03 2.7115e+03 1.9996e+03 2.6431e+03 2.2421e+03 2.4196e+03 2.1121e+03 2.5022e+03 2.6181e+03 2.0329e+03 2.3425e+03 1.9996e+03 2.6431e+03 2.2669e+03
34.4500 2.2720e+03 1.9079e+03 2.6697e+03 1.9694e+03 2.6023e+03 2.2080e+03 2.3826e+03 2.0799e+03 2.4640e+03 2.5779e+03 2.0019e+03 2.3065e+03 1.9694e+03 2.6023e+03 2.2327e+03
34.5500 2.2374e+03 1.8792e+03 2.6286e+03 1.9398e+03 2.5622e+03 2.1745e+03 2.3462e+03 2.0483e+03 2.4265e+03 2.5384e+03 1.9715e+03 2.2712e+03 1.9398e+03 2.5622e+03 2.1990e+03
34.6500 2.2035e+03 1.8509e+03 2.5883e+03 1.9106e+03 2.5228e+03 2.1415e+03 2.3106e+03 2.0172e+03 2.3896e+03 2.4996e+03 1.9416e+03 2.2365e+03 1.9106e+03 2.5228e+03 2.1660e+03
34.7500 2.1701e+03 1.8232e+03 2.5487e+03 1.8820e+03 2.4841e+03 2.1092e+03 2.2755e+03 1.9867e+03 2.3534e+03 2.4615e+03 1.9122e+03 2.2024e+03 1.8820e+03 2.4841e+03 2.1335e+03
34.8500 2.1374e+03 1.7959e+03 2.5098e+03 1.8539e+03 2.4462e+03 2.0774e+03 2.2411e+03 1.9568e+03 2.3179e+03 2.4240e+03 1.8834e+03 2.1689e+03 1.8539e+03 2.4462e+03 2.1016e+03
34.9500 2.1052e+03 1.7692e+03 2.4716e+03 1.8262e+03 2.4088e+03 2.0462e+03 2.2073e+03 1.9273e+03 2.2829e+03 2.3873e+03 1.8551e+03 2.1360e+03 1.8262e+03 2.4088e+03 2.0703e+03
35.0500 2.0736e+03 1.7428e+03 2.4340e+03 1.7991e+03 2.3722e+03 2.0156e+03 2.1740e+03 1.8984e+03 2.2486e+03 2.3512e+03 1.8273e+03 2.1037e+03 1.7991e+03 2.3722e+03 2.0395e+03
35.1500 2.0425e+03 1.7170e+03 2.3972e+03 1.7724e+03 2.3362e+03 1.9854e+03 2.1414e+03 1.8700e+03 2.2149e+03 2.3157e+03 1.7999e+03 2.0720e+03 1.7724e+03 2.3362e+03 2.0092e+03
35.2500 2.0120e+03 1.6916e+03 2.3609e+03 1.7462e+03 2.3009e+03 1.9558e+03 2.1093e+03 1.8421e+03 2.1818e+03 2.2808e+03 1.7730e+03 2.0408e+03 1.7462e+03 2.3009e+03 1.9795e+03
35.3500 1.9820e+03 1.6666e+03 2.3253e+03 1.7204e+03 2.2661e+03 1.9268e+03 2.0778e+03 1.8147e+03 2.1492e+03 2.2466e+03 1.7466e+03 2.0102e+03 1.7204e+03 2.2661e+03 1.9502e+03
35.4500 1.9525e+03 1.6420e+03 2.2904e+03 1.6950e+03 2.2320e+03 1.8982e+03 2.0468e+03 1.7877e+03 2.1172e+03 2.2129e+03 1.7207e+03 1.9801e+03 1.6950e+03 2.2320e+03 1.9215e+03
35.5500 1.9235e+03 1.6179e+03 2.2560e+03 1.6702e+03 2.1985e+03 1.8701e+03 2.0164e+03 1.7612e+03 2.0858e+03 2.1798e+03 1.6952e+03 1.9505e+03 1.6702e+03 2.1985e+03 1.8933e+03
35.6500 1.8951e+03 1.5942e+03 2.2223e+03 1.6457e+03 2.1655e+03 1.8425e+03 1.9865e+03 1.7352e+03 2.0549e+03 2.1474e+03 1.6701e+03 1.9215e+03 1.6457e+03 2.1655e+03 1.8655e+03
35.7500 1.8671e+03 1.5709e+03 2.1891e+03 1.6216e+03 2.1332e+03 1.8153e+03 1.9571e+03 1.7096e+03 2.0245e+03 2.1154e+03 1.6455e+03 1.8929e+03 1.6216e+03 2.1332e+03 1.8382e+03
35.8500 1.8396e+03 1.5480e+03 2.1565e+03 1.5980e+03 2.1014e+03 1.7886e+03 1.9282e+03 1.6844e+03 1.9947e+03 2.0841e+03 1.6213e+03 1.8648e+03 1.5980e+03 2.1014e+03 1.8114e+03
35.9500 1.8126e+03 1.5254e+03 2.1245e+03 1.5747e+03 2.0701e+03 1.7624e+03 1.8998e+03 1.6597e+03 1.9653e+03 2.0532e+03 1.5975e+03 1.8373e+03 1.5747e+03 2.0701e+03 1.7850e+03
36.0500 1.7860e+03 1.5033e+03 2.0930e+03 1.5519e+03 2.0394e+03 1.7367e+03 1.8719e+03 1.6354e+03 1.9365e+03 2.0229e+03 1.5741e+03 1.8102e+03 1.5519e+03 2.0394e+03 1.7591e+03
36.1500 1.7599e+03 1.4815e+03 2.0621e+03 1.5294e+03 2.0092e+03 1.7113e+03 1.8445e+03 1.6115e+03 1.9082e+03 1.9931e+03 1.5511e+03 1.7835e+03 1.5294e+03 2.0092e+03 1.7336e+03
36.2500 1.7342e+03 1.4601e+03 2.0317e+03 1.5073e+03 1.9796e+03 1.6864e+03 1.8176e+03 1.5881e+03 1.8803e+03 1.9639e+03 1.5285e+03 1.7573e+03 1.5073e+03 1.9796e+03 1.7086e+03
36.3500 1.7090e+03 1.4391e+03 2.0018e+03 1.4856e+03 1.9505e+03 1.6619e+03 1.7911e+03 1.5650e+03 1.8529e+03 1.9351e+03 1.5063e+03 1.7316e+03 1.4856e+03 1.9505e+03 1.6840e+03
36.4500 1.6842e+03 1.4184e+03 1.9725e+03 1.4642e+03 1.9218e+03 1.6379e+03 1.7650e+03 1.5423e+03 1.8260e+03 1.9068e+03 1.4845e+03 1.7063e+03 1.4642e+03 1.9218e+03 1.6597e+03
36.5500 1.6598e+03 1.3980e+03 1.9436e+03 1.4432e+03 1.8936e+03 1.6142e+03 1.7394e+03 1.5200e+03 1.7996e+03 1.8790e+03 1.4630e+03 1.6814e+03 1.4432e+03 1.8936e+03 1.6359e+03
36.6500 1.6358e+03 1.3780e+03 1.9152e+03 1.4226e+03 1.8660e+03 1.5909e+03 1.7142e+03 1.4981e+03 1.7735e+03 1.8517e+03 1.4419e+03 1.6570e+03 1.4226e+03 1.8660e+03 1.6125e+03
36.7500 1.6123e+03 1.3584e+03 1.8873e+03 1.4023e+03 1.8388e+03 1.5681e+03 1.6895e+03 1.4765e+03 1.7480e+03 1.8248e+03 1.4211e+03 1.6330e+03 1.4023e+03 1.8388e+03 1.5895e+03
36.8500 1.5891e+03 1.3390e+03 1.8599e+03 1.3823e+03 1.8120e+03 1.5456e+03 1.6652e+03 1.4553e+03 1.7228e+03 1.7984e+03 1.4007e+03 1.6093e+03 1.3823e+03 1.8120e+03 1.5668e+03
36.9500 1.5663e+03 1.3200e+03 1.8330e+03 1.3627e+03 1.7857e+03 1.5235e+03 1.6412e+03 1.4345e+03 1.6981e+03 1.7724e+03 1.3807e+03 1.5861e+03 1.3627e+03 1.7857e+03 1.5445e+03
37.0500 1.5439e+03 1.3013e+03 1.8065e+03 1.3434e+03 1.7599e+03 1.5017e+03 1.6177e+03 1.4140e+03 1.6738e+03 1.7469e+03 1.3609e+03 1.5633e+03 1.3434e+03 1.7599e+03 1.5227e+03
37.1500 1.5219e+03 1.2829e+03 1.7804e+03 1.3244e+03 1.7344e+03 1.4803e+03 1.5946e+03 1.3938e+03 1.6498e+03 1.7218e+03 1.3415e+03 1.5408e+03 1.3244e+03 1.7344e+03 1.5011e+03
37.2500 1.5002e+03 1.2648e+03 1.7548e+03 1.3057e+03 1.7095e+03 1.4593e+03 1.5718e+03 1.3740e+03 1.6263e+03 1.6971e+03 1.3224e+03 1.5187e+03 1.3057e+03 1.7095e+03 1.4799e+03
37.3500 1.4789e+03 1.2470e+03 1.7296e+03 1.2873e+03 1.6849e+03 1.4386e+03 1.5494e+03 1.3545e+03 1.6032e+03 1.6728e+03 1.3037e+03 1.4970e+03 1.2873e+03 1.6849e+03 1.4591e+03
37.4500 1.4579e+03 1.2295e+03 1.7048e+03 1.2693e+03 1.6607e+03 1.4182e+03 1.5274e+03 1.3353e+03 1.5804e+03 1.6489e+03 1.2852e+03 1.4757e+03 1.2693e+03 1.6607e+03 1.4386e+03
37.5500 1.4373e+03 1.2122e+03 1.6805e+03 1.2515e+03 1.6370e+03 1.3982e+03 1.5058e+03 1.3165e+03 1.5581e+03 1.6255e+03 1.2670e+03 1.4546e+03 1.2515e+03 1.6370e+03 1.4184e+03
37.6500 1.4170e+03 1.1953e+03 1.6565e+03 1.2340e+03 1.6136e+03 1.3785e+03 1.4845e+03 1.2979e+03 1.5361e+03 1.6024e+03 1.2492e+03 1.4340e+03 1.2340e+03 1.6136e+03 1.3986e+03
37.7500 1.3971e+03 1.1786e+03 1.6330e+03 1.2168e+03 1.5906e+03 1.3592e+03 1.4636e+03 1.2797e+03 1.5144e+03 1.5797e+03 1.2316e+03 1.4137e+03 1.2168e+03 1.5906e+03 1.3791e+03
37.8500 1.3775e+03 1.1622e+03 1.6098e+03 1.1999e+03 1.5680e+03 1.3401e+03 1.4430e+03 1.2618e+03 1.4931e+03 1.5573e+03 1.2143e+03 1.3937e+03 1.1999e+03 1.5680e+03 1.3599e+03
37.9500 1.3582e+03 1.1461e+03 1.5870e+03 1.1832e+03 1.5458e+03 1.3214e+03 1.4227e+03 1.2441e+03 1.4722e+03 1.5353e+03 1.1973e+03 1.3740e+03 1.1832e+03 1.5458e+03 1.3410e+03
38.0500 1.3392e+03 1.1302e+03 1.5646e+03 1.1668e+03 1.5239e+03 1.3030e+03 1.4028e+03 1.2267e+03 1.4516e+03 1.5137e+03 1.1806e+03 1.3547e+03 1.1668e+03 1.5239e+03 1.3224e+03
38.1500 1.3205e+03 1.1146e+03 1.5426e+03 1.1507e+03 1.5024e+03 1.2848e+03 1.3832e+03 1.2097e+03 1.4313e+03 1.4925e+03 1.1642e+03 1.3357e+03 1.1507e+03 1.5024e+03 1.3042e+03
38.2500 1.3021e+03 1.0992e+03 1.5209e+03 1.1349e+03 1.4813e+03 1.2670e+03 1.3639e+03 1.1928e+03 1.4114e+03 1.4716e+03 1.1480e+03 1.3170e+03 1.1349e+03 1.4813e+03 1.2862e+03
38.3500 1.2841e+03 1.0841e+03 1.4995e+03 1.1192e+03 1.4605e+03 1.2494e+03 1.3450e+03 1.1763e+03 1.3918e+03 1.4510e+03 1.1321e+03 1.2986e+03 1.1192e+03 1.4605e+03 1.2685e+03
38.4500 1.2663e+03 1.0693e+03 1.4786e+03 1.1039e+03 1.4400e+03 1.2322e+03 1.3263e+03 1.1600e+03 1.3725e+03 1.4308e+03 1.1164e+03 1.2805e+03 1.1039e+03 1.4400e+03 1.2511e+03
38.5500 1.2488e+03 1.0546e+03 1.4579e+03 1.0888e+03 1.4199e+03 1.2152e+03 1.3079e+03 1.1440e+03 1.3535e+03 1.4109e+03 1.1010e+03 1.2627e+03 1.0888e+03 1.4199e+03 1.2339e+03
38.6500 1.2316e+03 1.0402e+03 1.4376e+03 1.0739e+03 1.4001e+03 1.1985e+03 1.2899e+03 1.1283e+03 1.3348e+03 1.3913e+03 1.0858e+03 1.2452e+03 1.0739e+03 1.4001e+03 1.2171e+03
38.7500 1.2146e+03 1.0260e+03 1.4176e+03 1.0593e+03 1.3806e+03 1.1820e+03 1.2721e+03 1.1128e+03 1.3164e+03 1.3720e+03 1.0709e+03 1.2279e+03 1.0593e+03 1.3806e+03 1.2005e+03
38.8500 1.1979e+03 1.0121e+03 1.3980e+03 1.0449e+03 1.3614e+03 1.1658e+03 1.2546e+03 1.0975e+03 1.2983e+03 1.3530e+03 1.0562e+03 1.2109e+03 1.0449e+03 1.3614e+03 1.1842e+03
38.9500 1.1815e+03 9.9834e+02 1.3786e+03 1.0307e+03 1.3426e+03 1.1499e+03 1.2374e+03 1.0825e+03 1.2805e+03 1.3344e+03 1.0417e+03 1.1942e+03 1.0307e+03 1.3426e+03 1.1681e+03
39.0500 1.1654e+03 9.8483e+02 1.3596e+03 1.0168e+03 1.3240e+03 1.1342e+03 1.2205e+03 1.0678e+03 1.2630e+03 1.3160e+03 1.0275e+03 1.1778e+03 1.0168e+03 1.3240e+03 1.1523e+03
39.1500 1.1495e+03 9.7152e+02 1.3409e+03 1.0030e+03 1.3058e+03 1.1188e+03 1.2038e+03 1.0532e+03 1.2458e+03 1.2980e+03 1.0135e+03 1.1617e+03 1.0030e+03 1.3058e+03 1.1367e+03
39.2500 1.1339e+03 9.5843e+02 1.3225e+03 9.8950e+02 1.2878e+03 1.1036e+03 1.1874e+03 1.0389e+03 1.2288e+03 1.2802e+03 9.9975e+02 1.1458e+03 9.8950e+02 1.2878e+03 1.1214e+03
39.3500 1.1185e+03 9.4554e+02 1.3043e+03 9.7619e+02 1.2701e+03 1.0886e+03 1.1712e+03 1.0248e+03 1.2121e+03 1.2627e+03 9.8619e+02 1.1301e+03 9.7619e+02 1.2701e+03 1.1063e+03
39.4500 1.1033e+03 9.3285e+02 1.2865e+03 9.6310e+02 1.2528e+03 1.0739e+03 1.1553e+03 1.0110e+03 1.1957e+03 1.2455e+03 9.7284e+02 1.1147e+03 9.6310e+02 1.2528e+03 1.0914e+03
39.5500 1.0884e+03 9.2036e+02 1.2689e+03 9.5020e+02 1.2356e+03 1.0594e+03 1.1397e+03 9.9733e+02 1.1795e+03 1.2285e+03 9.5971e+02 1.0996e+03 9.5020e+02 1.2356e+03 1.0768e+03
39.6500 1.0738e+03 9.0807e+02 1.2517e+03 9.3751e+02 1.2188e+03 1.0452e+03 1.1243e+03 9.8391e+02 1.1635e+03 1.2119e+03 9.4678e+02 1.0846e+03 9.3751e+02 1.2188e+03 1.0624e+03
39.7500 1.0593e+03 8.9596e+02 1.2347e+03 9.2501e+02 1.2022e+03 1.0311e+03 1.1092e+03 9.7069e+02 1.1479e+03 1.1955e+03 9.3405e+02 1.0700e+03 9.2501e+02 1.2022e+03 1.0482e+03
39.8500 1.0451e+03 8.8404e+02 1.2179e+03 9.1271e+02 1.1859e+03 1.0173e+03 1.0943e+03 9.5768e+02 1.1325e+03 1.1793e+03 9.2153e+02 1.0555e+03 9.1271e+02 1.1859e+03 1.0343e+03
39.9500 1.0311e+03 8.7230e+02 1.2015e+03 9.0059e+02 1.1698e+03 1.0037e+03 1.0796e+03 9.4488e+02 1.1173e+03 1.1634e+03 9.0919e+02 1.0413e+03 9.0059e+02 1.1698e+03 1.0206e+03
40.0500 1.0173e+03 8.6075e+02 1.1853e+03 8.8867e+02 1.1540e+03 9.9032e+02 1.0651e+03 9.3227e+02 1.1023e+03 1.1478e+03 8.9705e+02 1.0273e+03 8.8867e+02 1.1540e+03 1.0070e+03
40.1500 1.0038e+03 8.4938e+02 1.1693e+03 8.7692e+02 1.1385e+03 9.7714e+02 1.0509e+03 9.1986e+02 1.0876e+03 1.1324e+03 8.8510e+02 1.0135e+03 8.7692e+02 1.1385e+03 9.9373e+02
40.2500 9.9040e+02 8.3817e+02 1.1536e+03 8.6536e+02 1.1232e+03 9.6416e+02 1.0369e+03 9.0764e+02 1.0731e+03 1.1172e+03 8.7333e+02 9.9993e+02 8.6536e+02 1.1232e+03 9.8062e+02
40.3500 9.7725e+02 8.2714e+02 1.1381e+03 8.5397e+02 1.1081e+03 9.5139e+02 1.0231e+03 8.9561e+02 1.0588e+03 1.1023e+03 8.6175e+02 9.8658e+02 8.5397e+02 1.1081e+03 9.6771e+02
40.4500 9.6430e+02 8.1628e+02 1.1229e+03 8.4276e+02 1.0933e+03 9.3881e+02 1.0095e+03 8.8376e+02 1.0448e+03 1.0876e+03 8.5034e+02 9.7343e+02 8.4276e+02 1.0933e+03 9.5500e+02
40.5500 9.5156e+02 8.0558e+02 1.1079e+03 8.3172e+02 1.0787e+03 9.2642e+02 9.9617e+02 8.7210e+02 1.0310e+03 1.0731e+03 8.3911e+02 9.6048e+02 8.3172e+02 1.0787e+03 9.4248e+02
40.6500 9.3901e+02 7.9505e+02 1.0932e+03 8.2084e+02 1.0643e+03 9.1422e+02 9.8300e+02 8.6061e+02 1.0174e+03 1.0588e+03 8.2805e+02 9.4773e+02 8.2084e+02 1.0643e+03 9.3015e+02
40.7500 9.2665e+02 7.8468e+02 1.0786e+03 8.1013e+02 1.0501e+03 9.0221e+02 9.7005e+02 8.4930e+02 1.0040e+03 1.0448e+03 8.1715e+02 9.3518e+02 8.1013e+02 1.0501e+03 9.1801e+02
40.8500 9.1448e+02 7.7446e+02 1.0643e+03 7.9959e+02 1.0362e+03 8.9038e+02 9.5729e+02 8.3817e+02 9.9075e+02 1.0310e+03 8.0643e+02 9.2283e+02 7.9959e+02 1.0362e+03 9.0605e+02
40.9500 9.0250e+02 7.6440e+02 1.0503e+03 7.8920e+02 1.0225e+03 8.7874e+02 9.4472e+02 8.2720e+02 9.7775e+02 1.0174e+03 7.9587e+02 9.1066e+02 7.8920e+02 1.0225e+03 8.9427e+02
41.0500 8.9069e+02 7.5449e+02 1.0364e+03 7.7897e+02 1.0090e+03 8.6726e+02 9.3235e+02 8.1640e+02 9.6494e+02 1.0040e+03 7.8547e+02 8.9868e+02 7.7897e+02 1.0090e+03 8.8267e+02
41.1500 8.7907e+02 7.4473e+02 1.0228e+03 7.6889e+02 9.9565e+02 8.5597e+02 9.2016e+02 8.0576e+02 9.5234e+02 9.9084e+02 7.7523e+02 8.8688e+02 7.6889e+02 9.9565e+02 8.7125e+02
41.2500 8.6762e+02 7.3511e+02 1.0093e+03 7.5896e+02 9.8255e+02 8.4484e+02 9.0816e+02 7.9529e+02 9.3992e+02 9.7786e+02 7.6514e+02 8.7526e+02 7.5896e+02 9.8255e+02 8.6000e+02
41.3500 8.5635e+02 7.2564e+02 9.9608e+02 7.4919e+02 9.6965e+02 8.3388e+02 8.9635e+02 7.8497e+02 9.2769e+02 9.6507e+02 7.5520e+02 8.6382e+02 7.4919e+02 9.6965e+02 8.4891e+02
41.4500 8.4525e+02 7.1632e+02 9.8305e+02 7.3955e+02 9.5695e+02 8.2309e+02 8.8471e+02 7.7481e+02 9.1564e+02 9.5248e+02 7.4542e+02 8.5256e+02 7.3955e+02 9.5695e+02 8.3799e+02
41.5500 8.3431e+02 7.0713e+02 9.7021e+02 7.3007e+02 9.4444e+02 8.1246e+02 8.7324e+02 7.6480e+02 9.0378e+02 9.4008e+02 7.3578e+02 8.4146e+02 7.3007e+02 9.4444e+02 8.2723e+02
41.6500 8.2354e+02 6.9807e+02 9.5757e+02 7.2072e+02 9.3212e+02 8.0199e+02 8.6195e+02 7.5494e+02 8.9210e+02 9.2786e+02 7.2628e+02 8.3053e+02 7.2072e+02 9.3212e+02 8.1664e+02
41.7500 8.1293e+02 6.8915e+02 9.4512e+02 7.1151e+02 9.1999e+02 7.9167e+02 8.5083e+02 7.4523e+02 8.8059e+02 9.1583e+02 7.1693e+02 8.1977e+02 7.1151e+02 9.1999e+02 8.0620e+02
41.8500 8.0248e+02 6.8037e+02 9.3286e+02 7.0244e+02 9.0804e+02 7.8151e+02 8.3987e+02 7.3566e+02 8.6925e+02 9.0398e+02 7.0772e+02 8.0916e+02 7.0244e+02 9.0804e+02 7.9591e+02
41.9500 7.9218e+02 6.7171e+02 9.2078e+02 6.9350e+02 8.9627e+02 7.7150e+02 8.2908e+02 7.2624e+02 8.5808e+02 8.9231e+02 6.9864e+02 7.9872e+02 6.9350e+02 8.9627e+02 7.8578e+02
42.0500 7.8204e+02 6.6318e+02 9.0889e+02 6.8470e+02 8.8467e+02 7.6164e+02 8.1845e+02 7.1696e+02 8.4708e+02 8.8082e+02 6.8970e+02 7.8843e+02 6.8470e+02 8.8467e+02 7.7580e+02
42.1500 7.7205e+02 6.5478e+02 8.9717e+02 6.7602e+02 8.7326e+02 7.5192e+02 8.0798e+02 7.0781e+02 8.3624e+02 8.6949e+02 6.8090e+02 7.7830e+02 6.7602e+02 8.7326e+02 7.6597e+02
42.2500 7.6220e+02 6.4650e+02 8.8563e+02 6.6748e+02 8.6201e+02 7.4235e+02 7.9766e+02 6.9880e+02 8.2557e+02 8.5834e+02 6.7222e+02 7.6832e+02 6.6748e+02 8.6201e+02 7.5627e+02
42.3500 7.5250e+02 6.3834e+02 8.7426e+02 6.5905e+02 8.5093e+02 7.3292e+02 7.8750e+02 6.8992e+02 8.1505e+02 8.4735e+02 6.6367e+02 7.5848e+02 6.5905e+02 8.5093e+02 7.4673e+02
42.4500 7.4295e+02 6.3030e+02 8.6306e+02 6.5075e+02 8.4002e+02 7.2363e+02 7.7748e+02 6.8118e+02 8.0468e+02 8.3652e+02 6.5525e+02 7.4880e+02 6.5075e+02 8.4002e+02 7.3732e+02
42.5500 7.3353e+02 6.2238e+02 8.5203e+02 6.4258e+02 8.2927e+02 7.1448e+02 7.6762e+02 6.7256e+02 7.9447e+02 8.2586e+02 6.4695e+02 7.3925e+02 6.4258e+02 8.2927e+02 7.2804e+02
42.6500 7.2426e+02 6.1458e+02 8.4116e+02 6.3452e+02 8.1868e+02 7.0545e+02 7.5789e+02 6.6407e+02 7.8441e+02 8.1535e+02 6.3877e+02 7.2985e+02 6.3452e+02 8.1868e+02 7.1891e+02
42.7500 7.1512e+02 6.0688e+02 8.3045e+02 6.2657e+02 8.0825e+02 6.9657e+02 7.4832e+02 6.5570e+02 7.7450e+02 8.0500e+02 6.3072e+02 7.2059e+02 6.2657e+02 8.0825e+02 7.0990e+02
42.8500 7.0611e+02 5.9930e+02 8.1990e+02 6.1875e+02 7.9797e+02 6.8781e+02 7.3888e+02 6.4746e+02 7.6473e+02 7.9479e+02 6.2278e+02 7.1146e+02 6.1875e+02 7.9797e+02 7.0103e+02
42.9500 6.9724e+02 5.9183e+02 8.0950e+02 6.1103e+02 7.8784e+02 6.7918e+02 7.2958e+02 6.3933e+02 7.5511e+02 7.8475e+02 6.1496e+02 7.0247e+02 6.1103e+02 7.8784e+02 6.9229e+02
43.0500 6.8849e+02 5.8447e+02 7.9926e+02 6.0343e+02 7.7786e+02 6.7067e+02 7.2042e+02 6.3133e+02 7.4562e+02 7.7484e+02 6.0725e+02 6.9360e+02 6.0343e+02 7.7786e+02 6.8367e+02
43.1500 6.7987e+02 5.7721e+02 7.8917e+02 5.9594e+02 7.6803e+02 6.6229e+02 7.1139e+02 6.2344e+02 7.3628e+02 7.6508e+02 5.9965e+02 6.8487e+02 5.9594e+02 7.6803e+02 6.7518e+02
43.2500 6.7138e+02 5.7006e+02 7.7922e+02 5.8855e+02 7.5834e+02 6.5403e+02 7.0249e+02 6.1566e+02 7.2707e+02 7.5547e+02 5.9216e+02 6.7627e+02 5.8855e+02 7.5834e+02 6.6680e+02
43.3500 6.6301e+02 5.6301e+02 7.6943e+02 5.8128e+02 7.4879e+02 6.4589e+02 6.9372e+02 6.0800e+02 7.1799e+02 7.4599e+02 5.8478e+02 6.6779e+02 5.8128e+02 7.4879e+02 6.5855e+02
43.4500 6.5476e+02 5.5606e+02 7.5977e+02 5.7410e+02 7.3939e+02 6.3787e+02 6.8508e+02 6.0045e+02 7.0904e+02 7.3666e+02 5.7751e+02 6.5943e+02 5.7410e+02 7.3939e+02 6.5042e+02
43.5500 6.4663e+02 5.4921e+02 7.5026e+02 5.6703e+02 7.3012e+02 6.2996e+02 6.7656e+02 5.9300e+02 7.0023e+02 7.2746e+02 5.7034e+02 6.5120e+02 5.6703e+02 7.3012e+02 6.4241e+02
43.6500 6.3862e+02 5.4246e+02 7.4088e+02 5.6006e+02 7.2098e+02 6.2216e+02 6.6816e+02 5.8567e+02 6.9154e+02 7.1839e+02 5.6328e+02 6.4308e+02 5.6006e+02 7.2098e+02 6.3450e+02
43.7500 6.3072e+02 5.3581e+02 7.3164e+02 5.5319e+02 7.1198e+02 6.1448e+02 6.5989e+02 5.7843e+02 6.8298e+02 7.0945e+02 5.5632e+02 6.3508e+02 5.5319e+02 7.1198e+02 6.2672e+02
43.8500 6.2294e+02 5.2925e+02 7.2253e+02 5.4642e+02 7.0311e+02 6.0691e+02 6.5173e+02 5.7131e+02 6.7453e+02 7.0064e+02 5.4945e+02 6.2720e+02 5.4642e+02 7.0311e+02 6.1904e+02
43.9500 6.1526e+02 5.2278e+02 7.1356e+02 5.3974e+02 6.9437e+02 5.9945e+02 6.4369e+02 5.6428e+02 6.6621e+02 6.9196e+02 5.4269e+02 6.1943e+02 5.3974e+02 6.9437e+02 6.1147e+02
44.0500 6.0770e+02 5.1640e+02 7.0471e+02 5.3316e+02 6.8575e+02 5.9209e+02 6.3577e+02 5.5736e+02 6.5801e+02 6.8340e+02 5.3602e+02 6.1177e+02 5.3316e+02 6.8575e+02 6.0401e+02
44.1500 6.0024e+02 5.1012e+02 6.9599e+02 5.2667e+02 6.7725e+02 5.8483e+02 6.2796e+02 5.5053e+02 6.4993e+02 6.7497e+02 5.2944e+02 6.0422e+02 5.2667e+02 6.7725e+02 5.9665e+02
44.2500 5.9289e+02 5.0392e+02 6.8740e+02 5.2027e+02 6.6888e+02 5.7768e+02 6.2026e+02 5.4380e+02 6.4196e+02 6.6665e+02 5.2296e+02 5.9678e+02 5.2027e+02 6.6888e+02 5.8940e+02
44.3500 5.8565e+02 4.9781e+02 6.7892e+02 5.1396e+02 6.6063e+02 5.7063e+02 6.1267e+02 5.3716e+02 6.3410e+02 6.5846e+02 5.1658e+02 5.8945e+02 5.1396e+02 6.6063e+02 5.8225e+02
44.4500 5.7850e+02 4.9179e+02 6.7057e+02 5.0774e+02 6.5250e+02 5.6368e+02 6.0519e+02 5.3062e+02 6.2636e+02 6.5038e+02 5.1028e+02 5.8222e+02 5.0774e+02 6.5250e+02 5.7520e+02
44.5500 5.7146e+02 4.8585e+02 6.6234e+02 5.0161e+02 6.4448e+02 5.5683e+02 5.9781e+02 5.2417e+02 6.1872e+02 6.4241e+02 5.0407e+02 5.7509e+02 5.0161e+02 6.4448e+02 5.6825e+02
44.6500 5.6452e+02 4.7999e+02 6.5423e+02 4.9556e+02 6.3657e+02 5.5008e+02 5.9054e+02 5.1781e+02 6.1119e+02 6.3456e+02 4.9795e+02 5.6806e+02 4.9556e+02 6.3657e+02 5.6139e+02
44.7500 5.5767e+02 4.7422e+02 6.4623e+02 4.8960e+02 6.2878e+02 5.4342e+02 5.8337e+02 5.1155e+02 6.0377e+02 6.2682e+02 4.9191e+02 5.6113e+02 4.8960e+02 6.2878e+02 5.5463e+02
44.8500 5.5092e+02 4.6852e+02 6.3834e+02 4.8372e+02 6.2110e+02 5.3685e+02 5.7630e+02 5.0536e+02 5.9646e+02 6.1919e+02 4.8596e+02 5.5430e+02 4.8372e+02 6.2110e+02 5.4797e+02
44.9500 5.4427e+02 4.6291e+02 6.3057e+02 4.7792e+02 6.1353e+02 5.3038e+02 5.6933e+02 4.9927e+02 5.8924e+02 6.1167e+02 4.8009e+02 5.4757e+02 4.7792e+02 6.1353e+02 5.4140e+02
45.0500 5.3771e+02 4.5737e+02 6.2290e+02 4.7220e+02 6.0606e+02 5.2399e+02 5.6246e+02 4.9326e+02 5.8213e+02 6.0425e+02 4.7431e+02 5.4093e+02 4.7220e+02 6.0606e+02 5.3492e+02
45.1500 5.3124e+02 4.5191e+02 6.1535e+02 4.6657e+02 5.9870e+02 5.1769e+02 5.5568e+02 4.8733e+02 5.7511e+02 5.9694e+02 4.6860e+02 5.3439e+02 4.6657e+02 5.9870e+02 5.2853e+02
45.2500 5.2486e+02 4.4652e+02 6.0790e+02 4.6101e+02 5.9145e+02 5.1149e+02 5.4900e+02 4.8149e+02 5.6820e+02 5.8973e+02 4.6298e+02 5.2793e+02 4.6101e+02 5.9145e+02 5.2223e+02
45.3500 5.1856e+02 4.4121e+02 6.0055e+02 4.5552e+02 5.8429e+02 5.0536e+02 5.4241e+02 4.7573e+02 5.6138e+02 5.8262e+02 4.5743e+02 5.2157e+02 4.5552e+02 5.8429e+02 5.1601e+02
45.4500 5.1236e+02 4.3598e+02 5.9331e+02 4.5012e+02 5.7724e+02 4.9933e+02 5.3592e+02 4.7005e+02 5.5465e+02 5.7561e+02 4.5196e+02 5.1529e+02 4.5012e+02 5.7724e+02 5.0989e+02
45.5500 5.0624e+02 4.3081e+02 5.8616e+02 4.4478e+02 5.7028e+02 4.9337e+02 5.2951e+02 4.6444e+02 5.4802e+02 5.6870e+02 4.4656e+02 5.0911e+02 4.4478e+02 5.7028e+02 5.0384e+02
45.6500 5.0021e+02 4.2572e+02 5.7912e+02 4.3952e+02 5.6342e+02 4.8750e+02 5.2319e+02 4.5892e+02 5.4148e+02 5.6188e+02 4.4124e+02 5.0300e+02 4.3952e+02 5.6342e+02 4.9788e+02
45.7500 4.9426e+02 4.2069e+02 5.7218e+02 4.3434e+02 5.5665e+02 4.8171e+02 5.1696e+02 4.5346e+02 5.3503e+02 5.5516e+02 4.3600e+02 4.9699e+02 4.3434e+02 5.5665e+02 4.9200e+02
45.8500 4.8839e+02 4.1574e+02 5.6533e+02 4.2922e+02 5.4999e+02 4.7600e+02 5.1082e+02 4.4809e+02 5.2867e+02 5.4853e+02 4.3082e+02 4.9105e+02 4.2922e+02 5.4999e+02 4.8620e+02
45.9500 4.8260e+02 4.1085e+02 5.5857e+02 4.2417e+02 5.4341e+02 4.7037e+02 5.0476e+02 4.4279e+02 5.2239e+02 5.4199e+02 4.2572e+02 4.8520e+02 4.2417e+02 5.4341e+02 4.8048e+02
46.0500 4.7689e+02 4.0602e+02 5.5191e+02 4.1919e+02 5.3692e+02 4.6481e+02 4.9878e+02 4.3756e+02 5.1621e+02 5.3554e+02 4.2068e+02 4.7943e+02 4.1919e+02 5.3692e+02 4.7484e+02
46.1500 4.7126e+02 4.0127e+02 5.4534e+02 4.1428e+02 5.3052e+02 4.5933e+02 4.9288e+02 4.3240e+02 5.1011e+02 5.2919e+02 4.1572e+02 4.7374e+02 4.1428e+02 5.3052e+02 4.6927e+02
46.2500 4.6571e+02 3.9658e+02 5.3887e+02 4.0944e+02 5.2421e+02 4.5393e+02 4.8707e+02 4.2731e+02 5.0409e+02 5.2291e+02 4.1082e+02 4.6812e+02 4.0944e+02 5.2421e+02 4.6378e+02
46.3500 4.6023e+02 3.9195e+02 5.3248e+02 4.0466e+02 5.1799e+02 4.4859e+02 4.8133e+02 4.2229e+02 4.9815e+02 5.1673e+02 4.0599e+02 4.6259e+02 4.0466e+02 5.1799e+02 4.5837e+02
46.4500 4.5483e+02 3.8738e+02 5.2618e+02 3.9994e+02 5.1185e+02 4.4333e+02 4.7568e+02 4.1734e+02 4.9229e+02 5.1063e+02 4.0123e+02 4.5712e+02 3.9994e+02 5.1185e+02 4.5303e+02
46.5500 4.4950e+02 3.8288e+02 5.1996e+02 3.9530e+02 5.0580e+02 4.3815e+02 4.7010e+02 4.1246e+02 4.8652e+02 5.0461e+02 3.9652e+02 4.5174e+02 3.9530e+02 5.0580e+02 4.4776e+02
46.6500 4.4424e+02 3.7843e+02 5.1383e+02 3.9071e+02 4.9983e+02 4.3303e+02 4.6459e+02 4.0764e+02 4.8082e+02 4.9868e+02 3.9189e+02 4.4642e+02 3.9071e+02 4.9983e+02 4.4256e+02
46.7500 4.3905e+02 3.7405e+02 5.0778e+02 3.8618e+02 4.9394e+02 4.2798e+02 4.5916e+02 4.0289e+02 4.7520e+02 4.9282e+02 3.8731e+02 4.4118e+02 3.8618e+02 4.9394e+02 4.3743e+02
46.8500 4.3394e+02 3.6972e+02 5.0182e+02 3.8171e+02 4.8813e+02 4.2300e+02 4.5381e+02 3.9820e+02 4.6965e+02 4.8705e+02 3.8280e+02 4.3601e+02 3.8171e+02 4.8813e+02 4.3237e+02
46.9500 4.2889e+02 3.6545e+02 4.9593e+02 3.7731e+02 4.8240e+02 4.1808e+02 4.4852e+02 3.9358e+02 4.6418e+02 4.8135e+02 3.7835e+02 4.3091e+02 3.7731e+02 4.8240e+02 4.2738e+02
47.0500 4.2391e+02 3.6124e+02 4.9013e+02 3.7296e+02 4.7675e+02 4.1324e+02 4.4331e+02 3.8901e+02 4.5879e+02 4.7573e+02 3.7396e+02 4.2588e+02 3.7296e+02 4.7675e+02 4.2245e+02
47.1500 4.1899e+02 3.5709e+02 4.8440e+02 3.6867e+02 4.7117e+02 4.0845e+02 4.3817e+02 3.8451e+02 4.5346e+02 4.7018e+02 3.6962e+02 4.2092e+02 3.6867e+02 4.7117e+02 4.1759e+02
47.2500 4.1415e+02 3.5299e+02 4.7876e+02 3.6444e+02 4.6567e+02 4.0374e+02 4.3309e+02 3.8007e+02 4.4821e+02 4.6471e+02 3.6535e+02 4.1602e+02 3.6444e+02 4.6567e+02 4.1279e+02
47.3500 4.0937e+02 3.4894e+02 4.7319e+02 3.6026e+02 4.6025e+02 3.9908e+02 4.2809e+02 3.7569e+02 4.4303e+02 4.5932e+02 3.6113e+02 4.1119e+02 3.6026e+02 4.6025e+02 4.0806e+02
47.4500 4.0465e+02 3.4495e+02 4.6769e+02 3.5614e+02 4.5490e+02 3.9449e+02 4.2315e+02 3.7137e+02 4.3792e+02 4.5400e+02 3.5697e+02 4.0642e+02 3.5614e+02 4.5490e+02 4.0339e+02
47.5500 3.9999e+02 3.4101e+02 4.6227e+02 3.5208e+02 4.4962e+02 3.8995e+02 4.1828e+02 3.6710e+02 4.3287e+02 4.4875e+02 3.5287e+02 4.0172e+02 3.5208e+02 4.4962e+02 3.9879e+02
47.6500 3.9540e+02 3.3713e+02 4.5692e+02 3.4807e+02 4.4441e+02 3.8548e+02 4.1347e+02 3.6289e+02 4.2790e+02 4.4356e+02 3.4882e+02 3.9708e+02 3.4807e+02 4.4441e+02 3.9424e+02
47.7500 3.9087e+02 3.3329e+02 4.5164e+02 3.4411e+02 4.3927e+02 3.8107e+02 4.0873e+02 3.5874e+02 4.2299e+02 4.3845e+02 3.4482e+02 3.9251e+02 3.4411e+02 4.3927e+02 3.8975e+02
47.8500 3.8639e+02 3.2951e+02 4.4643e+02 3.4020e+02 4.3420e+02 3.7672e+02 4.0405e+02 3.5464e+02 4.1814e+02 4.3341e+02 3.4088e+02 3.8799e+02 3.4020e+02 4.3420e+02 3.8533e+02
47.9500 3.8198e+02 3.2577e+02 4.4130e+02 3.3634e+02 4.2920e+02 3.7242e+02 3.9943e+02 3.5060e+02 4.1336e+02 4.2843e+02 3.3698e+02 3.8354e+02 3.3634e+02 4.2920e+02 3.8096e+02
48.0500 3.7763e+02 3.2209e+02 4.3623e+02 3.3254e+02 4.2426e+02 3.6818e+02 3.9487e+02 3.4660e+02 4.0864e+02 4.2352e+02 3.3314e+02 3.7914e+02 3.3254e+02 4.2426e+02 3.7664e+02
48.1500 3.7333e+02 3.1845e+02 4.3123e+02 3.2878e+02 4.1939e+02 3.6400e+02 3.9037e+02 3.4267e+02 4.0399e+02 4.1868e+02 3.2935e+02 3.7480e+02 3.2878e+02 4.1939e+02 3.7239e+02
48.2500 3.6909e+02 3.1486e+02 4.2629e+02 3.2507e+02 4.1459e+02 3.5987e+02 3.8593e+02 3.3878e+02 3.9940e+02 4.1390e+02 3.2561e+02 3.7052e+02 3.2507e+02 4.1459e+02 3.6819e+02
48.3500 3.6490e+02 3.1131e+02 4.2142e+02 3.2142e+02 4.0985e+02 3.5579e+02 3.8155e+02 3.3494e+02 3.9486e+02 4.0918e+02 3.2192e+02 3.6630e+02 3.2142e+02 4.0985e+02 3.6404e+02
48.4500 3.6077e+02 3.0782e+02 4.1662e+02 3.1781e+02 4.0517e+02 3.5177e+02 3.7723e+02 3.3116e+02 3.9039e+02 4.0452e+02 3.1828e+02 3.6213e+02 3.1781e+02 4.0517e+02 3.5995e+02
48.5500 3.5670e+02 3.0436e+02 4.1188e+02 3.1424e+02 4.0055e+02 3.4780e+02 3.7297e+02 3.2742e+02 3.8597e+02 3.9993e+02 3.1468e+02 3.5802e+02 3.1424e+02 4.0055e+02 3.5592e+02
48.6500 3.5268e+02 3.0096e+02 4.0720e+02 3.1072e+02 3.9599e+02 3.4389e+02 3.6876e+02 3.2374e+02 3.8162e+02 3.9540e+02 3.1114e+02 3.5396e+02 3.1072e+02 3.9599e+02 3.5193e+02
48.7500 3.4871e+02 2.9759e+02 4.0258e+02 3.0725e+02 3.9150e+02 3.4002e+02 3.6460e+02 3.2010e+02 3.7732e+02 3.9092e+02 3.0763e+02 3.4995e+02 3.0725e+02 3.9150e+02 3.4800e+02
48.8500 3.4479e+02 2.9427e+02 3.9802e+02 3.0382e+02 3.8706e+02 3.3620e+02 3.6050e+02 3.1650e+02 3.7307e+02 3.8651e+02 3.0418e+02 3.4600e+02 3.0382e+02 3.8706e+02 3.4411e+02
48.9500 3.4092e+02 2.9100e+02 3.9353e+02 3.0044e+02 3.8268e+02 3.3244e+02 3.5645e+02 3.1296e+02 3.6888e+02 3.8215e+02 3.0077e+02 3.4210e+02 3.0044e+02 3.8268e+02 3.4028e+02
49.0500 3.3710e+02 2.8776e+02 3.8909e+02 2.9710e+02 3.7836e+02 3.2872e+02 3.5246e+02 3.0946e+02 3.6475e+02 3.7785e+02 2.9740e+02 3.3824e+02 2.9710e+02 3.7836e+02 3.3650e+02
49.1500 3.3334e+02 2.8457e+02 3.8471e+02 2.9381e+02 3.7410e+02 3.2505e+02 3.4852e+02 3.0600e+02 3.6067e+02 3.7361e+02 2.9408e+02 3.3444e+02 2.9381e+02 3.7410e+02 3.3276e+02
49.2500 3.2962e+02 2.8142e+02 3.8039e+02 2.9055e+02 3.6989e+02 3.2143e+02 3.4462e+02 3.0259e+02 3.5664e+02 3.6942e+02 2.9080e+02 3.3069e+02 2.9055e+02 3.6989e+02 3.2907e+02
49.3500 3.2595e+02 2.7830e+02 3.7612e+02 2.8734e+02 3.6574e+02 3.1786e+02 3.4078e+02 2.9923e+02 3.5267e+02 3.6528e+02 2.8756e+02 3.2699e+02 2.8734e+02 3.6574e+02 3.2543e+02
49.4500 3.2232e+02 2.7523e+02 3.7191e+02 2.8417e+02 3.6163e+02 3.1433e+02 3.3699e+02 2.9591e+02 3.4874e+02 3.6120e+02 2.8436e+02 3.2333e+02 2.8417e+02 3.6163e+02 3.2184e+02
49.5500 3.1875e+02 2.7220e+02 3.6775e+02 2.8104e+02 3.5759e+02 3.1084e+02 3.3325e+02 2.9263e+02 3.4487e+02 3.5717e+02 2.8121e+02 3.1973e+02 2.8104e+02 3.5759e+02 3.1829e+02
49.6500 3.1521e+02 2.6920e+02 3.6365e+02 2.7794e+02 3.5359e+02 3.0740e+02 3.2955e+02 2.8939e+02 3.4104e+02 3.5319e+02 2.7809e+02 3.1617e+02 2.7794e+02 3.5359e+02 3.1479e+02
49.7500 3.1173e+02 2.6625e+02 3.5960e+02 2.7489e+02 3.4965e+02 3.0401e+02 3.2590e+02 2.8619e+02 3.3727e+02 3.4927e+02 2.7502e+02 3.1265e+02 2.7489e+02 3.4965e+02 3.1133e+02
49.8500 3.0829e+02 2.6333e+02 3.5560e+02 2.7188e+02 3.4576e+02 3.0066e+02 3.2230e+02 2.8304e+02 3.3354e+02 3.4539e+02 2.7198e+02 3.0918e+02 2.7188e+02 3.4576e+02 3.0792e+02
49.9500 3.0489e+02 2.6045e+02 3.5165e+02 2.6890e+02 3.4192e+02 2.9735e+02 3.1875e+02 2.7992e+02 3.2986e+02 3.4157e+02 2.6898e+02 3.0576e+02 2.6890e+02 3.4192e+02 3.0455e+02