# Job started on: Wed Aug  4 01:22:17 CEST 2021 ................
# FONLL heavy quark hadroproduction cross section, calculated on Wed Aug  4 01:24:53 CEST 2021
# FONLL version and perturbative order: ## FONLL v1.3.2 fonll [ds/dpt^2dy (pb/GeV^2)]
# quark = bottom
# final state = meson. NP params (cm,lm,hm) = 24.2, 26.7, 22.2
# BR(q->meson) = 1
# ebeam1 = 6500, ebeam2 = 6500
# PDF set = CTEQ6.6
# ptmin = 0
# ptmax = 30
# ymin  = -0.5
# ymax  = 0.5
# Uncertainties from scales, masses, PDFs combined quadratically
# cross section is ds/dpt (pb/GeV)
# pt      central      min       max       min_sc     max_sc     min_mass   max_mass     min_pdf    max_pdf   fr=.5 .5     fr=2 2     fr=2 1     fr=1 2    fr=1 .5    fr=.5 1
pt central min max min_sc max_sc min_mass max_mass min_pdf max_pdf fr=.5.5 fr=22 fr=21 fr=12 fr=1.5 fr=.51
0.1003 6.3938e+05 2.6105e+05 1.0193e+06 2.9498e+05 9.7321e+05 5.2253e+05 7.8769e+05 5.3511e+05 7.4364e+05 5.0228e+05 6.8013e+05 8.8199e+05 4.5710e+05 9.7321e+05 2.9498e+05
0.2007 1.2572e+06 5.1734e+05 1.9959e+06 5.8422e+05 1.9046e+06 1.0276e+06 1.5484e+06 1.0527e+06 1.4616e+06 9.9315e+05 1.3349e+06 1.7218e+06 9.0134e+05 1.9046e+06 5.8422e+05
0.3010 1.8575e+06 7.6959e+05 2.9381e+06 8.6860e+05 2.8021e+06 1.5189e+06 2.2871e+06 1.5560e+06 2.1591e+06 1.4742e+06 1.9698e+06 2.5286e+06 1.3352e+06 2.8021e+06 8.6860e+05
0.4013 2.4417e+06 1.0178e+06 3.8490e+06 1.1481e+06 3.6691e+06 1.9974e+06 3.0051e+06 2.0460e+06 2.8375e+06 1.9455e+06 2.5869e+06 3.3070e+06 1.7592e+06 3.6691e+06 1.1481e+06
0.5017 3.0092e+06 1.2615e+06 4.7289e+06 1.4220e+06 4.5063e+06 2.4631e+06 3.7012e+06 2.5222e+06 3.4962e+06 2.4059e+06 3.1859e+06 4.0586e+06 2.1726e+06 4.5063e+06 1.4220e+06
0.6020 3.5585e+06 1.5002e+06 5.5753e+06 1.6899e+06 5.3115e+06 2.9149e+06 4.3733e+06 2.9835e+06 4.1335e+06 2.8542e+06 3.7656e+06 4.7819e+06 2.5742e+06 5.3115e+06 1.6899e+06
0.7023 4.0877e+06 1.7332e+06 6.3846e+06 1.9508e+06 6.0812e+06 3.3513e+06 5.0189e+06 3.4282e+06 4.7471e+06 3.2888e+06 4.3238e+06 5.4742e+06 2.9628e+06 6.0812e+06 1.9508e+06
0.8027 4.5945e+06 1.9599e+06 7.1538e+06 2.2039e+06 6.8125e+06 3.7707e+06 5.6352e+06 3.8547e+06 5.3344e+06 3.7082e+06 4.8583e+06 6.1330e+06 3.3367e+06 6.8125e+06 2.2039e+06
0.9030 5.0772e+06 2.1795e+06 7.8801e+06 2.4484e+06 7.5030e+06 4.1715e+06 6.2199e+06 4.2613e+06 5.8931e+06 4.1110e+06 5.3671e+06 6.7562e+06 3.6946e+06 7.5030e+06 2.4484e+06
1.0033 5.5341e+06 2.3913e+06 8.5614e+06 2.6834e+06 8.1508e+06 4.5523e+06 6.7711e+06 4.6468e+06 6.4214e+06 4.4959e+06 5.8483e+06 7.3418e+06 4.0351e+06 8.1508e+06 2.6834e+06
1.1037 5.9642e+06 2.5950e+06 9.1964e+06 2.9088e+06 8.7546e+06 4.9124e+06 7.2877e+06 5.0105e+06 6.9180e+06 4.8622e+06 6.3010e+06 7.8887e+06 4.3575e+06 8.7546e+06 2.9088e+06
1.2040 6.3672e+06 2.7902e+06 9.7850e+06 3.1239e+06 9.3141e+06 5.2512e+06 7.7693e+06 5.3519e+06 7.3825e+06 5.2094e+06 6.7247e+06 8.3970e+06 4.6613e+06 9.3141e+06 3.1239e+06
1.3043 6.7423e+06 2.9765e+06 1.0327e+07 3.3285e+06 9.8297e+06 5.5683e+06 8.2152e+06 5.6707e+06 7.8140e+06 5.5368e+06 7.1186e+06 8.8664e+06 4.9459e+06 9.8297e+06 3.3285e+06
1.4047 7.0895e+06 3.1537e+06 1.0823e+07 3.5221e+06 1.0302e+07 5.8634e+06 8.6253e+06 5.9666e+06 8.2124e+06 5.8442e+06 7.4824e+06 9.2975e+06 5.2108e+06 1.0302e+07 3.5221e+06
1.5050 7.4087e+06 3.3214e+06 1.1274e+07 3.7046e+06 1.0731e+07 6.1365e+06 8.9998e+06 6.2398e+06 8.5776e+06 6.1313e+06 7.8160e+06 9.6907e+06 5.4557e+06 1.0731e+07 3.7046e+06
1.6054 7.7006e+06 3.4798e+06 1.1681e+07 3.8759e+06 1.1121e+07 6.3879e+06 9.3398e+06 6.4908e+06 8.9104e+06 6.3984e+06 8.1201e+06 1.0048e+07 5.6809e+06 1.1121e+07 3.8759e+06
1.7057 7.9659e+06 3.6286e+06 1.2048e+07 4.0360e+06 1.1472e+07 6.6180e+06 9.6462e+06 6.7203e+06 9.2115e+06 6.6458e+06 8.3954e+06 1.0371e+07 5.8866e+06 1.1472e+07 4.0360e+06
1.8060 8.2048e+06 3.7677e+06 1.2375e+07 4.1849e+06 1.1785e+07 6.8270e+06 9.9196e+06 6.9284e+06 9.4813e+06 6.8735e+06 8.6421e+06 1.0661e+07 6.0726e+06 1.1785e+07 4.1849e+06
1.9064 8.4180e+06 3.8971e+06 1.2662e+07 4.3224e+06 1.2062e+07 7.0151e+06 1.0161e+07 7.1154e+06 9.7205e+06 7.0816e+06 8.8607e+06 1.0918e+07 6.2395e+06 1.2062e+07 4.3224e+06
2.0067 8.6060e+06 4.0167e+06 1.2913e+07 4.4487e+06 1.2305e+07 7.1829e+06 1.0370e+07 7.2821e+06 9.9300e+06 7.2705e+06 9.0521e+06 1.1143e+07 6.3874e+06 1.2305e+07 4.4487e+06
2.1070 8.7698e+06 4.1268e+06 1.3128e+07 4.5639e+06 1.2515e+07 7.3309e+06 1.0550e+07 7.4291e+06 1.0111e+07 7.4407e+06 9.2168e+06 1.1338e+07 6.5169e+06 1.2515e+07 4.5639e+06
2.2074 8.9104e+06 4.2273e+06 1.3310e+07 4.6682e+06 1.2694e+07 7.4600e+06 1.0701e+07 7.5572e+06 1.0264e+07 7.5928e+06 9.3557e+06 1.1505e+07 6.6283e+06 1.2694e+07 4.6682e+06
2.3077 9.0284e+06 4.3185e+06 1.3460e+07 4.7618e+06 1.2844e+07 7.5706e+06 1.0825e+07 7.6668e+06 1.0390e+07 7.7271e+06 9.4699e+06 1.1644e+07 6.7224e+06 1.2844e+07 4.7618e+06
2.4080 9.1250e+06 4.4003e+06 1.3580e+07 4.8447e+06 1.2966e+07 7.6635e+06 1.0922e+07 7.7588e+06 1.0491e+07 7.8441e+06 9.5606e+06 1.1757e+07 6.7997e+06 1.2966e+07 4.8447e+06
2.5084 9.2008e+06 4.4730e+06 1.3671e+07 4.9174e+06 1.3060e+07 7.7393e+06 1.0995e+07 7.8338e+06 1.0568e+07 7.9444e+06 9.6288e+06 1.1844e+07 6.8612e+06 1.3060e+07 4.9174e+06
2.6087 9.2570e+06 4.5367e+06 1.3734e+07 4.9800e+06 1.3129e+07 7.7989e+06 1.1044e+07 7.8924e+06 1.0622e+07 8.0286e+06 9.6754e+06 1.1907e+07 6.9072e+06 1.3129e+07 4.9800e+06
2.7090 9.2944e+06 4.5917e+06 1.3772e+07 5.0327e+06 1.3173e+07 7.8430e+06 1.1070e+07 7.9354e+06 1.0653e+07 8.0970e+06 9.7010e+06 1.1947e+07 6.9383e+06 1.3173e+07 5.0327e+06
2.8094 9.3139e+06 4.6382e+06 1.3785e+07 5.0759e+06 1.3195e+07 7.8722e+06 1.1075e+07 7.9636e+06 1.0664e+07 8.1504e+06 9.7069e+06 1.1964e+07 6.9553e+06 1.3195e+07 5.0759e+06
2.9097 9.3166e+06 4.6764e+06 1.3775e+07 5.1099e+06 1.3196e+07 7.8875e+06 1.1059e+07 7.9778e+06 1.0655e+07 8.1893e+06 9.6944e+06 1.1961e+07 6.9592e+06 1.3196e+07 5.1099e+06
3.0100 9.3035e+06 4.7067e+06 1.3743e+07 5.1350e+06 1.3175e+07 7.8896e+06 1.1024e+07 7.9787e+06 1.0628e+07 8.2144e+06 9.6646e+06 1.1938e+07 6.9506e+06 1.3175e+07 5.1350e+06
3.1104 9.2756e+06 4.7292e+06 1.3690e+07 5.1516e+06 1.3136e+07 7.8791e+06 1.0972e+07 7.9669e+06 1.0584e+07 8.2263e+06 9.6188e+06 1.1897e+07 6.9305e+06 1.3136e+07 5.1516e+06
3.2107 9.2338e+06 4.7440e+06 1.3618e+07 5.1599e+06 1.3078e+07 7.8568e+06 1.0903e+07 7.9431e+06 1.0524e+07 8.2255e+06 9.5582e+06 1.1838e+07 6.8995e+06 1.3078e+07 5.1599e+06
3.3110 9.1790e+06 4.7517e+06 1.3529e+07 5.1605e+06 1.3002e+07 7.8234e+06 1.0819e+07 7.9081e+06 1.0450e+07 8.2127e+06 9.4840e+06 1.1762e+07 6.8585e+06 1.3002e+07 5.1605e+06
3.4114 9.1122e+06 4.7527e+06 1.3423e+07 5.1539e+06 1.2911e+07 7.7796e+06 1.0721e+07 7.8625e+06 1.0362e+07 8.1888e+06 9.3972e+06 1.1672e+07 6.8082e+06 1.2911e+07 5.1539e+06
3.5117 9.0344e+06 4.7473e+06 1.3301e+07 5.1406e+06 1.2805e+07 7.7262e+06 1.0610e+07 7.8072e+06 1.0262e+07 8.1543e+06 9.2990e+06 1.1567e+07 6.7494e+06 1.2805e+07 5.1406e+06
3.6120 8.9463e+06 4.7358e+06 1.3165e+07 5.1207e+06 1.2684e+07 7.6638e+06 1.0487e+07 7.7428e+06 1.0150e+07 8.1100e+06 9.1904e+06 1.1450e+07 6.6827e+06 1.2684e+07 5.1207e+06
3.7124 8.8488e+06 4.7183e+06 1.3016e+07 5.0945e+06 1.2552e+07 7.5931e+06 1.0354e+07 7.6700e+06 1.0028e+07 8.0563e+06 9.0724e+06 1.1321e+07 6.6088e+06 1.2552e+07 5.0945e+06
3.8127 8.7428e+06 4.6953e+06 1.2855e+07 5.0626e+06 1.2407e+07 7.5148e+06 1.0211e+07 7.5896e+06 9.8961e+06 7.9939e+06 8.9458e+06 1.1180e+07 6.5284e+06 1.2407e+07 5.0626e+06
3.9130 8.6291e+06 4.6672e+06 1.2683e+07 5.0252e+06 1.2251e+07 7.4296e+06 1.0060e+07 7.5022e+06 9.7561e+06 7.9235e+06 8.8117e+06 1.1030e+07 6.4422e+06 1.2251e+07 5.0252e+06
4.0134 8.5085e+06 4.6343e+06 1.2501e+07 4.9829e+06 1.2085e+07 7.3381e+06 9.9010e+06 7.4084e+06 9.6086e+06 7.8458e+06 8.6707e+06 1.0872e+07 6.3506e+06 1.2085e+07 4.9829e+06
4.1137 8.3816e+06 4.5969e+06 1.2311e+07 4.9361e+06 1.1911e+07 7.2408e+06 9.7356e+06 7.3088e+06 9.4545e+06 7.7613e+06 8.5241e+06 1.0705e+07 6.2544e+06 1.1911e+07 4.9361e+06
4.2140 8.2494e+06 4.5555e+06 1.2113e+07 4.8852e+06 1.1728e+07 7.1384e+06 9.5647e+06 7.2039e+06 9.2948e+06 7.6706e+06 8.3727e+06 1.0531e+07 6.1543e+06 1.1728e+07 4.8852e+06
4.3144 8.1123e+06 4.5102e+06 1.1908e+07 4.8305e+06 1.1539e+07 7.0315e+06 9.3891e+06 7.0944e+06 9.1303e+06 7.5743e+06 8.2171e+06 1.0351e+07 6.0508e+06 1.1539e+07 4.8305e+06
4.4147 7.9711e+06 4.4616e+06 1.1697e+07 4.7723e+06 1.1342e+07 6.9205e+06 9.2094e+06 6.9807e+06 8.9615e+06 7.4730e+06 8.0580e+06 1.0165e+07 5.9443e+06 1.1342e+07 4.7723e+06
4.5151 7.8263e+06 4.4098e+06 1.1480e+07 4.7111e+06 1.1141e+07 6.8059e+06 9.0262e+06 6.8634e+06 8.7892e+06 7.3672e+06 7.8959e+06 9.9746e+06 5.8351e+06 1.1141e+07 4.7111e+06
4.6154 7.6786e+06 4.3551e+06 1.1260e+07 4.6471e+06 1.0934e+07 6.6884e+06 8.8406e+06 6.7431e+06 8.6141e+06 7.2574e+06 7.7315e+06 9.7802e+06 5.7239e+06 1.0934e+07 4.6471e+06
4.7157 7.5287e+06 4.2979e+06 1.1036e+07 4.5806e+06 1.0724e+07 6.5685e+06 8.6532e+06 6.6205e+06 8.4370e+06 7.1441e+06 7.5655e+06 9.5829e+06 5.6113e+06 1.0724e+07 4.5806e+06
4.8161 7.3771e+06 4.2384e+06 1.0810e+07 4.5120e+06 1.0512e+07 6.4466e+06 8.4645e+06 6.4958e+06 8.2584e+06 7.0279e+06 7.3986e+06 9.3833e+06 5.4974e+06 1.0512e+07 4.5120e+06
4.9164 7.2242e+06 4.1769e+06 1.0582e+07 4.4415e+06 1.0296e+07 6.3231e+06 8.2751e+06 6.3696e+06 8.0789e+06 6.9091e+06 7.2310e+06 9.1819e+06 5.3828e+06 1.0296e+07 4.4415e+06
5.0167 7.0704e+06 4.1136e+06 1.0352e+07 4.3693e+06 1.0079e+07 6.1983e+06 8.0855e+06 6.2420e+06 7.8989e+06 6.7881e+06 7.0634e+06 8.9793e+06 5.2676e+06 1.0079e+07 4.3693e+06
5.1171 6.9163e+06 4.0489e+06 1.0122e+07 4.2960e+06 9.8613e+06 6.0727e+06 7.8962e+06 6.1136e+06 7.7190e+06 6.6657e+06 6.8962e+06 8.7764e+06 5.1523e+06 9.8613e+06 4.2960e+06
5.2174 6.7622e+06 3.9832e+06 9.8922e+06 4.2219e+06 9.6430e+06 5.9466e+06 7.7077e+06 5.9848e+06 7.5396e+06 6.5422e+06 6.7299e+06 8.5737e+06 5.0372e+06 9.6430e+06 4.2219e+06
5.3177 6.6086e+06 3.9166e+06 9.6629e+06 4.1470e+06 9.4248e+06 5.8204e+06 7.5204e+06 5.8560e+06 7.3612e+06 6.4179e+06 6.5647e+06 8.3716e+06 4.9225e+06 9.4248e+06 4.1470e+06
5.4181 6.4556e+06 3.8492e+06 9.4347e+06 4.0716e+06 9.2072e+06 5.6944e+06 7.3347e+06 5.7273e+06 7.1840e+06 6.2930e+06 6.4011e+06 8.1707e+06 4.8084e+06 9.2072e+06 4.0716e+06
5.5184 6.3037e+06 3.7811e+06 9.2079e+06 3.9957e+06 8.9907e+06 5.5687e+06 7.1508e+06 5.5991e+06 7.0083e+06 6.1676e+06 6.2393e+06 7.9712e+06 4.6953e+06 8.9907e+06 3.9957e+06
5.6187 6.1530e+06 3.7124e+06 8.9830e+06 3.9194e+06 8.7756e+06 5.4437e+06 6.9692e+06 5.4715e+06 6.8346e+06 6.0421e+06 6.0795e+06 7.7735e+06 4.5832e+06 8.7756e+06 3.9194e+06
5.7191 6.0039e+06 3.6434e+06 8.7604e+06 3.8431e+06 8.5625e+06 5.3195e+06 6.7899e+06 5.3449e+06 6.6629e+06 5.9168e+06 5.9219e+06 7.5780e+06 4.4723e+06 8.5625e+06 3.8431e+06
5.8194 5.8566e+06 3.5743e+06 8.5405e+06 3.7668e+06 8.3515e+06 5.1964e+06 6.6134e+06 5.2195e+06 6.4936e+06 5.7918e+06 5.7668e+06 7.3849e+06 4.3628e+06 8.3515e+06 3.7668e+06
5.9197 5.7111e+06 3.5050e+06 8.3234e+06 3.6906e+06 8.1430e+06 5.0745e+06 6.4396e+06 5.0954e+06 6.3268e+06 5.6674e+06 5.6142e+06 7.1945e+06 4.2548e+06 8.1430e+06 3.6906e+06
6.0201 5.5678e+06 3.4358e+06 8.1094e+06 3.6147e+06 7.9373e+06 4.9539e+06 6.2689e+06 4.9728e+06 6.1628e+06 5.5437e+06 5.4644e+06 7.0069e+06 4.1485e+06 7.9373e+06 3.6147e+06
6.1204 5.4266e+06 3.3668e+06 7.8988e+06 3.5392e+06 7.7344e+06 4.8349e+06 6.1013e+06 4.8517e+06 6.0015e+06 5.4208e+06 5.3173e+06 6.8223e+06 4.0438e+06 7.7344e+06 3.5392e+06
6.2207 5.2878e+06 3.2980e+06 7.6917e+06 3.4642e+06 7.5348e+06 4.7175e+06 5.9370e+06 4.7324e+06 5.8432e+06 5.2991e+06 5.1731e+06 6.6409e+06 3.9410e+06 7.5348e+06 3.4642e+06
6.3211 5.1514e+06 3.2296e+06 7.4883e+06 3.3897e+06 7.3384e+06 4.6018e+06 5.7760e+06 4.6150e+06 5.6878e+06 5.1786e+06 5.0319e+06 6.4628e+06 3.8400e+06 7.3384e+06 3.3897e+06
6.4214 5.0175e+06 3.1617e+06 7.2886e+06 3.3160e+06 7.1455e+06 4.4880e+06 5.6184e+06 4.4994e+06 5.5356e+06 5.0594e+06 4.8936e+06 6.2880e+06 3.7410e+06 7.1455e+06 3.3160e+06
6.5217 4.8862e+06 3.0944e+06 7.0928e+06 3.2431e+06 6.9562e+06 4.3760e+06 5.4642e+06 4.3859e+06 5.3866e+06 4.9417e+06 4.7584e+06 6.1168e+06 3.6439e+06 6.9562e+06 3.2431e+06
6.6221 4.7576e+06 3.0277e+06 6.9010e+06 3.1710e+06 6.7705e+06 4.2660e+06 5.3136e+06 4.2744e+06 5.2408e+06 4.8256e+06 4.6264e+06 5.9492e+06 3.5488e+06 6.7705e+06 3.1710e+06
6.7224 4.6316e+06 2.9618e+06 6.7132e+06 3.0998e+06 6.5885e+06 4.1581e+06 5.1664e+06 4.1650e+06 5.0982e+06 4.7111e+06 4.4974e+06 5.7852e+06 3.4558e+06 6.5885e+06 3.0998e+06
6.8227 4.5084e+06 2.8966e+06 6.5296e+06 3.0296e+06 6.4104e+06 4.0523e+06 5.0228e+06 4.0579e+06 4.9588e+06 4.5984e+06 4.3715e+06 5.6248e+06 3.3647e+06 6.4104e+06 3.0296e+06
6.9231 4.3878e+06 2.8322e+06 6.3501e+06 2.9603e+06 6.2362e+06 3.9486e+06 4.8826e+06 3.9529e+06 4.8228e+06 4.4873e+06 4.2488e+06 5.4682e+06 3.2758e+06 6.2362e+06 2.9603e+06
7.0234 4.2701e+06 2.7685e+06 6.1747e+06 2.8919e+06 6.0659e+06 3.8470e+06 4.7460e+06 3.8501e+06 4.6900e+06 4.3780e+06 4.1292e+06 5.3154e+06 3.1889e+06 6.0659e+06 2.8919e+06
7.1237 4.1551e+06 2.7058e+06 6.0036e+06 2.8246e+06 5.8995e+06 3.7476e+06 4.6129e+06 3.7496e+06 4.5606e+06 4.2705e+06 4.0127e+06 5.1663e+06 3.1040e+06 5.8995e+06 2.8246e+06
7.2241 4.0429e+06 2.6440e+06 5.8366e+06 2.7585e+06 5.7371e+06 3.6505e+06 4.4832e+06 3.6514e+06 4.4344e+06 4.1651e+06 3.8993e+06 5.0210e+06 3.0213e+06 5.7371e+06 2.7585e+06
7.3244 3.9334e+06 2.5834e+06 5.6738e+06 2.6937e+06 5.5786e+06 3.5555e+06 4.3570e+06 3.5554e+06 4.3114e+06 4.0619e+06 3.7890e+06 4.8794e+06 2.9406e+06 5.5786e+06 2.6937e+06
7.4247 3.8267e+06 2.5239e+06 5.5152e+06 2.6302e+06 5.4241e+06 3.4627e+06 4.2342e+06 3.4617e+06 4.1917e+06 3.9609e+06 3.6816e+06 4.7416e+06 2.8619e+06 5.4241e+06 2.6302e+06
7.5251 3.7227e+06 2.4657e+06 5.3606e+06 2.5682e+06 5.2735e+06 3.3722e+06 4.1147e+06 3.3702e+06 4.0751e+06 3.8623e+06 3.5773e+06 4.6074e+06 2.7852e+06 5.2735e+06 2.5682e+06
7.6254 3.6214e+06 2.4087e+06 5.2102e+06 2.5075e+06 5.1268e+06 3.2837e+06 3.9985e+06 3.2810e+06 3.9617e+06 3.7660e+06 3.4758e+06 4.4768e+06 2.7105e+06 5.1268e+06 2.5075e+06
7.7258 3.5227e+06 2.3529e+06 5.0637e+06 2.4482e+06 4.9839e+06 3.1975e+06 3.8856e+06 3.1940e+06 3.8514e+06 3.6719e+06 3.3773e+06 4.3499e+06 2.6378e+06 4.9839e+06 2.4482e+06
7.8261 3.4267e+06 2.2981e+06 4.9213e+06 2.3900e+06 4.8448e+06 3.1134e+06 3.7758e+06 3.1092e+06 3.7441e+06 3.5798e+06 3.2816e+06 4.2264e+06 2.5670e+06 4.8448e+06 2.3900e+06
7.9264 3.3332e+06 2.2443e+06 4.7827e+06 2.3329e+06 4.7095e+06 3.0314e+06 3.6692e+06 3.0266e+06 3.6398e+06 3.4895e+06 3.1886e+06 4.1064e+06 2.4981e+06 4.7095e+06 2.3329e+06
8.0268 3.2422e+06 2.1914e+06 4.6480e+06 2.2768e+06 4.5778e+06 2.9514e+06 3.5657e+06 2.9461e+06 3.5384e+06 3.4010e+06 3.0983e+06 3.9898e+06 2.4310e+06 4.5778e+06 2.2768e+06
8.1271 3.1538e+06 2.1392e+06 4.5170e+06 2.2216e+06 4.4497e+06 2.8735e+06 3.4651e+06 2.8677e+06 3.4399e+06 3.3142e+06 3.0106e+06 3.8765e+06 2.3658e+06 4.4497e+06 2.2216e+06
8.2274 3.0678e+06 2.0879e+06 4.3897e+06 2.1674e+06 4.3252e+06 2.7977e+06 3.3675e+06 2.7913e+06 3.3442e+06 3.2292e+06 2.9255e+06 3.7664e+06 2.3024e+06 4.3252e+06 2.1674e+06
8.3278 2.9841e+06 2.0376e+06 4.2660e+06 2.1141e+06 4.2042e+06 2.7238e+06 3.2727e+06 2.7170e+06 3.2512e+06 3.1459e+06 2.8429e+06 3.6595e+06 2.2407e+06 4.2042e+06 2.1141e+06
8.4281 2.9028e+06 1.9882e+06 4.1458e+06 2.0620e+06 4.0866e+06 2.6519e+06 3.1807e+06 2.6447e+06 3.1609e+06 3.0645e+06 2.7627e+06 3.5557e+06 2.1808e+06 4.0866e+06 2.0620e+06
8.5284 2.8237e+06 1.9399e+06 4.0291e+06 2.0110e+06 3.9723e+06 2.5819e+06 3.0914e+06 2.5743e+06 3.0732e+06 2.9850e+06 2.6849e+06 3.4549e+06 2.1225e+06 3.9723e+06 2.0110e+06
8.6288 2.7469e+06 1.8927e+06 3.9158e+06 1.9613e+06 3.8612e+06 2.5137e+06 3.0047e+06 2.5059e+06 2.9880e+06 2.9075e+06 2.6094e+06 3.3571e+06 2.0658e+06 3.8612e+06 1.9613e+06
8.7291 2.6723e+06 1.8466e+06 3.8057e+06 1.9127e+06 3.7533e+06 2.4474e+06 2.9206e+06 2.4393e+06 2.9053e+06 2.8320e+06 2.5362e+06 3.2621e+06 2.0108e+06 3.7533e+06 1.9127e+06
8.8294 2.5998e+06 1.8016e+06 3.6989e+06 1.8654e+06 3.6486e+06 2.3829e+06 2.8391e+06 2.3745e+06 2.8251e+06 2.7585e+06 2.4652e+06 3.1700e+06 1.9573e+06 3.6486e+06 1.8654e+06
8.9298 2.5293e+06 1.7577e+06 3.5951e+06 1.8192e+06 3.5468e+06 2.3202e+06 2.7599e+06 2.3115e+06 2.7472e+06 2.6869e+06 2.3963e+06 3.0806e+06 1.9053e+06 3.5468e+06 1.8192e+06
9.0301 2.4609e+06 1.7148e+06 3.4945e+06 1.7742e+06 3.4481e+06 2.2592e+06 2.6832e+06 2.2503e+06 2.6715e+06 2.6172e+06 2.3295e+06 2.9938e+06 1.8548e+06 3.4481e+06 1.7742e+06
9.1304 2.3945e+06 1.6731e+06 3.3968e+06 1.7304e+06 3.3522e+06 2.1999e+06 2.6087e+06 2.1908e+06 2.5982e+06 2.5494e+06 2.2647e+06 2.9097e+06 1.8057e+06 3.3522e+06 1.7304e+06
9.2308 2.3299e+06 1.6324e+06 3.3020e+06 1.6877e+06 3.2591e+06 2.1422e+06 2.5364e+06 2.1329e+06 2.5270e+06 2.4835e+06 2.2018e+06 2.8281e+06 1.7580e+06 3.2591e+06 1.6877e+06
9.3311 2.2673e+06 1.5929e+06 3.2100e+06 1.6463e+06 3.1688e+06 2.0861e+06 2.4664e+06 2.0767e+06 2.4578e+06 2.4195e+06 2.1409e+06 2.7490e+06 1.7117e+06 3.1688e+06 1.6463e+06
9.4314 2.2064e+06 1.5544e+06 3.1208e+06 1.6059e+06 3.0812e+06 2.0316e+06 2.3985e+06 2.0221e+06 2.3908e+06 2.3573e+06 2.0819e+06 2.6722e+06 1.6668e+06 3.0812e+06 1.6059e+06
9.5318 2.1474e+06 1.5169e+06 3.0342e+06 1.5667e+06 2.9961e+06 1.9786e+06 2.3326e+06 1.9690e+06 2.3258e+06 2.2969e+06 2.0246e+06 2.5978e+06 1.6231e+06 2.9961e+06 1.5667e+06
9.6321 2.0900e+06 1.4804e+06 2.9502e+06 1.5286e+06 2.9136e+06 1.9270e+06 2.2687e+06 1.9174e+06 2.2626e+06 2.2382e+06 1.9691e+06 2.5256e+06 1.5807e+06 2.9136e+06 1.5286e+06
9.7324 2.0343e+06 1.4448e+06 2.8688e+06 1.4913e+06 2.8335e+06 1.8770e+06 2.2067e+06 1.8672e+06 2.2014e+06 2.1810e+06 1.9152e+06 2.4557e+06 1.5395e+06 2.8335e+06 1.4913e+06
9.8328 1.9802e+06 1.4101e+06 2.7897e+06 1.4551e+06 2.7557e+06 1.8283e+06 2.1466e+06 1.8185e+06 2.1420e+06 2.1254e+06 1.8630e+06 2.3878e+06 1.4995e+06 2.7557e+06 1.4551e+06
9.9331 1.9278e+06 1.3763e+06 2.7130e+06 1.4197e+06 2.6803e+06 1.7810e+06 2.0883e+06 1.7711e+06 2.0844e+06 2.0712e+06 1.8124e+06 2.3220e+06 1.4606e+06 2.6803e+06 1.4197e+06
10.0334 1.8768e+06 1.3433e+06 2.6386e+06 1.3853e+06 2.6072e+06 1.7350e+06 2.0317e+06 1.7251e+06 2.0284e+06 2.0185e+06 1.7633e+06 2.2582e+06 1.4228e+06 2.6072e+06 1.3853e+06
10.1338 1.8273e+06 1.3111e+06 2.5665e+06 1.3518e+06 2.5362e+06 1.6904e+06 1.9769e+06 1.6804e+06 1.9741e+06 1.9673e+06 1.7156e+06 2.1963e+06 1.3862e+06 2.5362e+06 1.3518e+06
10.2341 1.7792e+06 1.2798e+06 2.4965e+06 1.3191e+06 2.4673e+06 1.6470e+06 1.9237e+06 1.6370e+06 1.9215e+06 1.9174e+06 1.6695e+06 2.1363e+06 1.3506e+06 2.4673e+06 1.3191e+06
10.3344 1.7326e+06 1.2492e+06 2.4286e+06 1.2872e+06 2.4004e+06 1.6048e+06 1.8721e+06 1.5948e+06 1.8704e+06 1.8689e+06 1.6247e+06 2.0781e+06 1.3160e+06 2.4004e+06 1.2872e+06
10.4348 1.6873e+06 1.2194e+06 2.3627e+06 1.2562e+06 2.3356e+06 1.5637e+06 1.8220e+06 1.5538e+06 1.8208e+06 1.8216e+06 1.5812e+06 2.0217e+06 1.2824e+06 2.3356e+06 1.2562e+06
10.5351 1.6433e+06 1.1904e+06 2.2988e+06 1.2260e+06 2.2726e+06 1.5239e+06 1.7735e+06 1.5140e+06 1.7727e+06 1.7757e+06 1.5391e+06 1.9670e+06 1.2497e+06 2.2726e+06 1.2260e+06
10.6355 1.6006e+06 1.1621e+06 2.2369e+06 1.1966e+06 2.2116e+06 1.4852e+06 1.7264e+06 1.4753e+06 1.7260e+06 1.7311e+06 1.4983e+06 1.9139e+06 1.2180e+06 2.2116e+06 1.1966e+06
10.7358 1.5592e+06 1.1345e+06 2.1768e+06 1.1679e+06 2.1524e+06 1.4475e+06 1.6807e+06 1.4377e+06 1.6807e+06 1.6876e+06 1.4586e+06 1.8624e+06 1.1872e+06 2.1524e+06 1.1679e+06
10.8361 1.5189e+06 1.1077e+06 2.1184e+06 1.1400e+06 2.0949e+06 1.4110e+06 1.6364e+06 1.4012e+06 1.6367e+06 1.6454e+06 1.4202e+06 1.8125e+06 1.1573e+06 2.0949e+06 1.1400e+06
10.9365 1.4798e+06 1.0815e+06 2.0619e+06 1.1128e+06 2.0392e+06 1.3754e+06 1.5934e+06 1.3657e+06 1.5940e+06 1.6042e+06 1.3829e+06 1.7641e+06 1.1283e+06 2.0392e+06 1.1128e+06
11.0368 1.4419e+06 1.0560e+06 2.0070e+06 1.0863e+06 1.9850e+06 1.3409e+06 1.5516e+06 1.3312e+06 1.5526e+06 1.5643e+06 1.3468e+06 1.7172e+06 1.1000e+06 1.9850e+06 1.0863e+06
11.1371 1.4051e+06 1.0312e+06 1.9537e+06 1.0605e+06 1.9326e+06 1.3073e+06 1.5112e+06 1.2977e+06 1.5124e+06 1.5254e+06 1.3117e+06 1.6716e+06 1.0726e+06 1.9326e+06 1.0605e+06
11.2375 1.3693e+06 1.0070e+06 1.9021e+06 1.0354e+06 1.8816e+06 1.2747e+06 1.4719e+06 1.2651e+06 1.4734e+06 1.4875e+06 1.2777e+06 1.6275e+06 1.0460e+06 1.8816e+06 1.0354e+06
11.3378 1.3346e+06 9.8340e+05 1.8520e+06 1.0110e+06 1.8322e+06 1.2430e+06 1.4338e+06 1.2335e+06 1.4356e+06 1.4508e+06 1.2447e+06 1.5847e+06 1.0201e+06 1.8322e+06 1.0110e+06
11.4381 1.3008e+06 9.6043e+05 1.8034e+06 9.8713e+05 1.7843e+06 1.2122e+06 1.3968e+06 1.2028e+06 1.3989e+06 1.4150e+06 1.2126e+06 1.5431e+06 9.9494e+05 1.7843e+06 9.8713e+05
11.5385 1.2680e+06 9.3805e+05 1.7562e+06 9.6393e+05 1.7378e+06 1.1823e+06 1.3609e+06 1.1729e+06 1.3632e+06 1.3802e+06 1.1816e+06 1.5029e+06 9.7051e+05 1.7378e+06 9.6393e+05
11.6388 1.2362e+06 9.1625e+05 1.7105e+06 9.4134e+05 1.6926e+06 1.1532e+06 1.3261e+06 1.1439e+06 1.3286e+06 1.3463e+06 1.1514e+06 1.4638e+06 9.4677e+05 1.6926e+06 9.4134e+05
11.7391 1.2053e+06 8.9502e+05 1.6661e+06 9.1934e+05 1.6488e+06 1.1249e+06 1.2923e+06 1.1157e+06 1.2950e+06 1.3134e+06 1.1222e+06 1.4259e+06 9.2369e+05 1.6488e+06 9.1934e+05
11.8395 1.1753e+06 8.7434e+05 1.6229e+06 8.9793e+05 1.6063e+06 1.0974e+06 1.2595e+06 1.0882e+06 1.2624e+06 1.2814e+06 1.0937e+06 1.3891e+06 9.0126e+05 1.6063e+06 8.9793e+05
11.9398 1.1461e+06 8.5420e+05 1.5811e+06 8.7708e+05 1.5650e+06 1.0707e+06 1.2276e+06 1.0616e+06 1.2306e+06 1.2503e+06 1.0661e+06 1.3534e+06 8.7944e+05 1.5650e+06 8.7708e+05
12.0401 1.1178e+06 8.3459e+05 1.5404e+06 8.5679e+05 1.5248e+06 1.0447e+06 1.1966e+06 1.0356e+06 1.1998e+06 1.2200e+06 1.0393e+06 1.3187e+06 8.5822e+05 1.5248e+06 8.5679e+05
12.1405 1.0902e+06 8.1549e+05 1.5010e+06 8.3703e+05 1.4858e+06 1.0194e+06 1.1666e+06 1.0104e+06 1.1699e+06 1.1906e+06 1.0133e+06 1.2850e+06 8.3759e+05 1.4858e+06 8.3703e+05
12.2408 1.0634e+06 7.9663e+05 1.4626e+06 8.1752e+05 1.4480e+06 9.9477e+05 1.1373e+06 9.8590e+05 1.1408e+06 1.1620e+06 9.8801e+05 1.2522e+06 8.1752e+05 1.4480e+06 8.1779e+05
12.3411 1.0373e+06 7.7779e+05 1.4254e+06 7.9800e+05 1.4112e+06 9.7082e+05 1.1090e+06 9.6205e+05 1.1126e+06 1.1341e+06 9.6343e+05 1.2205e+06 7.9800e+05 1.4112e+06 7.9905e+05
12.4415 1.0120e+06 7.5944e+05 1.3892e+06 7.7901e+05 1.3755e+06 9.4754e+05 1.0814e+06 9.3884e+05 1.0851e+06 1.1070e+06 9.3956e+05 1.1896e+06 7.7901e+05 1.3755e+06 7.8081e+05
12.5418 9.8734e+05 7.4160e+05 1.3541e+06 7.6054e+05 1.3408e+06 9.2488e+05 1.0546e+06 9.1627e+05 1.0584e+06 1.0806e+06 9.1636e+05 1.1596e+06 7.6054e+05 1.3408e+06 7.6304e+05
12.6421 9.6339e+05 7.2423e+05 1.3200e+06 7.4257e+05 1.3071e+06 9.0284e+05 1.0286e+06 8.9432e+05 1.0324e+06 1.0550e+06 8.9383e+05 1.1305e+06 7.4257e+05 1.3071e+06 7.4573e+05
12.7425 9.4010e+05 7.0733e+05 1.2868e+06 7.2509e+05 1.2743e+06 8.8139e+05 1.0032e+06 8.7296e+05 1.0072e+06 1.0300e+06 8.7192e+05 1.1022e+06 7.2509e+05 1.2743e+06 7.2887e+05
12.8428 9.1746e+05 6.9088e+05 1.2546e+06 7.0808e+05 1.2425e+06 8.6053e+05 9.7866e+05 8.5219e+05 9.8273e+05 1.0057e+06 8.5064e+05 1.0748e+06 7.0808e+05 1.2425e+06 7.1245e+05
12.9431 8.9544e+05 6.7486e+05 1.2233e+06 6.9153e+05 1.2116e+06 8.4023e+05 9.5476e+05 8.3198e+05 9.5890e+05 9.8210e+05 8.2996e+05 1.0481e+06 6.9153e+05 1.2116e+06 6.9646e+05
13.0435 8.7403e+05 6.5928e+05 1.1929e+06 6.7543e+05 1.1816e+06 8.2047e+05 9.3154e+05 8.1232e+05 9.3574e+05 9.5910e+05 8.0986e+05 1.0221e+06 6.7543e+05 1.1816e+06 6.8087e+05
13.1438 8.5320e+05 6.4411e+05 1.1634e+06 6.5976e+05 1.1524e+06 8.0125e+05 9.0897e+05 7.9318e+05 9.1323e+05 9.3671e+05 7.9032e+05 9.9695e+05 6.5976e+05 1.1524e+06 6.6568e+05
13.2441 8.3295e+05 6.2934e+05 1.1347e+06 6.4452e+05 1.1240e+06 7.8255e+05 8.8702e+05 7.7457e+05 8.9134e+05 9.1492e+05 7.7133e+05 9.7247e+05 6.4452e+05 1.1240e+06 6.5089e+05
13.3445 8.1326e+05 6.1497e+05 1.1068e+06 6.2968e+05 1.0964e+06 7.6434e+05 8.6570e+05 7.5646e+05 8.7005e+05 8.9371e+05 7.5287e+05 9.4868e+05 6.2968e+05 1.0964e+06 6.3646e+05
13.4448 7.9410e+05 6.0097e+05 1.0797e+06 6.1524e+05 1.0696e+06 7.4663e+05 8.4496e+05 7.3883e+05 8.4936e+05 8.7306e+05 7.3492e+05 9.2557e+05 6.1524e+05 1.0696e+06 6.2241e+05
13.5452 7.7546e+05 5.8735e+05 1.0534e+06 6.0118e+05 1.0436e+06 7.2939e+05 8.2480e+05 7.2168e+05 8.2924e+05 8.5296e+05 7.1747e+05 9.0311e+05 6.0118e+05 1.0436e+06 6.0871e+05
13.6455 7.5733e+05 5.7408e+05 1.0278e+06 5.8750e+05 1.0183e+06 7.1261e+05 8.0520e+05 7.0499e+05 8.0967e+05 8.3339e+05 7.0051e+05 8.8129e+05 5.8750e+05 1.0183e+06 5.9536e+05
13.7458 7.3970e+05 5.6117e+05 1.0029e+06 5.7419e+05 9.9369e+05 6.9628e+05 7.8614e+05 6.8875e+05 7.9064e+05 8.1433e+05 6.8402e+05 8.6007e+05 5.7419e+05 9.9369e+05 5.8235e+05
13.8462 7.2254e+05 5.4859e+05 9.7870e+05 5.6123e+05 9.6977e+05 6.8039e+05 7.6762e+05 6.7294e+05 7.7213e+05 7.9578e+05 6.6798e+05 8.3946e+05 5.6123e+05 9.6977e+05 5.6966e+05
13.9465 7.0584e+05 5.3634e+05 9.5519e+05 5.4861e+05 9.4653e+05 6.6491e+05 7.4959e+05 6.5755e+05 7.5413e+05 7.7770e+05 6.5239e+05 8.1942e+05 5.4861e+05 9.4653e+05 5.5729e+05
14.0468 6.8960e+05 5.2441e+05 9.3235e+05 5.3632e+05 9.2393e+05 6.4985e+05 7.3207e+05 6.4258e+05 7.3663e+05 7.6011e+05 6.3722e+05 7.9994e+05 5.3632e+05 9.2393e+05 5.4523e+05
14.1472 6.7380e+05 5.1280e+05 9.1013e+05 5.2436e+05 9.0196e+05 6.3519e+05 7.1502e+05 6.2800e+05 7.1960e+05 7.4297e+05 6.2247e+05 7.8100e+05 5.2436e+05 9.0196e+05 5.3347e+05
14.2475 6.5842e+05 5.0149e+05 8.8854e+05 5.1271e+05 8.8060e+05 6.2091e+05 6.9845e+05 6.1381e+05 7.0303e+05 7.2627e+05 6.0813e+05 7.6259e+05 5.1271e+05 8.8060e+05 5.2200e+05
14.3478 6.4345e+05 4.9047e+05 8.6755e+05 5.0137e+05 8.5983e+05 6.0701e+05 6.8232e+05 5.9999e+05 6.8692e+05 7.1001e+05 5.9417e+05 7.4470e+05 5.0137e+05 8.5983e+05 5.1082e+05
14.4482 6.2889e+05 4.7973e+05 8.4714e+05 4.9032e+05 8.3964e+05 5.9348e+05 6.6664e+05 5.8654e+05 6.7123e+05 6.9417e+05 5.8060e+05 7.2730e+05 4.9032e+05 8.3964e+05 4.9991e+05
14.5485 6.1470e+05 4.6927e+05 8.2727e+05 4.7956e+05 8.1998e+05 5.8029e+05 6.5136e+05 5.7344e+05 6.5596e+05 6.7873e+05 5.6738e+05 7.1036e+05 4.7956e+05 8.1998e+05 4.8927e+05
14.6488 6.0088e+05 4.5907e+05 8.0795e+05 4.6907e+05 8.0086e+05 5.6744e+05 6.3649e+05 5.6067e+05 6.4110e+05 6.6368e+05 5.5452e+05 6.9388e+05 4.6907e+05 8.0086e+05 4.7889e+05
14.7492 5.8742e+05 4.4912e+05 7.8913e+05 4.5884e+05 7.8224e+05 5.5492e+05 6.2202e+05 5.4822e+05 6.2662e+05 6.4901e+05 5.4199e+05 6.7785e+05 4.5884e+05 7.8224e+05 4.6876e+05
14.8495 5.7431e+05 4.3943e+05 7.7083e+05 4.4887e+05 7.6412e+05 5.4271e+05 6.0792e+05 5.3610e+05 6.1251e+05 6.3472e+05 5.2979e+05 6.6224e+05 4.4887e+05 7.6412e+05 4.5888e+05
14.9498 5.6153e+05 4.2997e+05 7.5301e+05 4.3915e+05 7.4649e+05 5.3081e+05 5.9419e+05 5.2428e+05 5.9878e+05 6.2078e+05 5.1790e+05 6.4704e+05 4.3915e+05 7.4649e+05 4.4923e+05
15.0502 5.4908e+05 4.2075e+05 7.3566e+05 4.2968e+05 7.2932e+05 5.1922e+05 5.8082e+05 5.1276e+05 5.8540e+05 6.0719e+05 5.0633e+05 6.3225e+05 4.2968e+05 7.2932e+05 4.3982e+05
15.1505 5.3695e+05 4.1176e+05 7.1877e+05 4.2044e+05 7.1260e+05 5.0791e+05 5.6780e+05 5.0153e+05 5.7236e+05 5.9395e+05 4.9506e+05 6.1785e+05 4.2044e+05 7.1260e+05 4.3064e+05
15.2508 5.2513e+05 4.0299e+05 7.0233e+05 4.1143e+05 6.9633e+05 4.9689e+05 5.5511e+05 4.9059e+05 5.5966e+05 5.8103e+05 4.8408e+05 6.0382e+05 4.1143e+05 6.9633e+05 4.2167e+05
15.3512 5.1361e+05 3.9444e+05 6.8632e+05 4.0265e+05 6.8048e+05 4.8614e+05 5.4275e+05 4.7992e+05 5.4729e+05 5.6844e+05 4.7338e+05 5.9017e+05 4.0265e+05 6.8048e+05 4.1292e+05
15.4515 5.0238e+05 3.8610e+05 6.7073e+05 3.9408e+05 6.6505e+05 4.7566e+05 5.3071e+05 4.6952e+05 5.3524e+05 5.5616e+05 4.6295e+05 5.7687e+05 3.9408e+05 6.6505e+05 4.0438e+05
15.5518 4.9143e+05 3.7796e+05 6.5555e+05 3.8573e+05 6.5002e+05 4.6544e+05 5.1898e+05 4.5938e+05 5.2349e+05 5.4418e+05 4.5279e+05 5.6392e+05 3.8573e+05 6.5002e+05 3.9605e+05
15.6522 4.8076e+05 3.7002e+05 6.4077e+05 3.7758e+05 6.3538e+05 4.5548e+05 5.0756e+05 4.4949e+05 5.1204e+05 5.3250e+05 4.4290e+05 5.5131e+05 3.7758e+05 6.3538e+05 3.8791e+05
15.7525 4.7036e+05 3.6227e+05 6.2637e+05 3.6963e+05 6.2112e+05 4.4576e+05 4.9642e+05 4.3984e+05 5.0088e+05 5.2111e+05 4.3325e+05 5.3902e+05 3.6963e+05 6.2112e+05 3.7996e+05
15.8528 4.6022e+05 3.5471e+05 6.1234e+05 3.6188e+05 6.0723e+05 4.3629e+05 4.8556e+05 4.3044e+05 4.9000e+05 5.1000e+05 4.2385e+05 5.2706e+05 3.6188e+05 6.0723e+05 3.7221e+05
15.9532 4.5034e+05 3.4734e+05 5.9868e+05 3.5431e+05 5.9370e+05 4.2704e+05 4.7498e+05 4.2127e+05 4.7940e+05 4.9916e+05 4.1469e+05 5.1540e+05 3.5431e+05 5.9370e+05 3.6463e+05
16.0535 4.4070e+05 3.4014e+05 5.8537e+05 3.4693e+05 5.8052e+05 4.1802e+05 4.6467e+05 4.1232e+05 4.6907e+05 4.8858e+05 4.0575e+05 5.0404e+05 3.4693e+05 5.8052e+05 3.5724e+05
16.1538 4.3130e+05 3.3312e+05 5.7240e+05 3.3973e+05 5.6767e+05 4.0923e+05 4.5462e+05 4.0360e+05 4.5899e+05 4.7827e+05 3.9705e+05 4.9297e+05 3.3973e+05 5.6767e+05 3.5002e+05
16.2542 4.2213e+05 3.2627e+05 5.5976e+05 3.3270e+05 5.5515e+05 4.0065e+05 4.4483e+05 3.9509e+05 4.4917e+05 4.6820e+05 3.8856e+05 4.8218e+05 3.3270e+05 5.5515e+05 3.4296e+05
16.3545 4.1319e+05 3.1958e+05 5.4744e+05 3.2585e+05 5.4296e+05 3.9228e+05 4.3528e+05 3.8678e+05 4.3959e+05 4.5838e+05 3.8028e+05 4.7167e+05 3.2585e+05 5.4296e+05 3.3607e+05
16.4548 4.0447e+05 3.1305e+05 5.3545e+05 3.1916e+05 5.3107e+05 3.8411e+05 4.2596e+05 3.7868e+05 4.3025e+05 4.4880e+05 3.7221e+05 4.6143e+05 3.1916e+05 5.3107e+05 3.2934e+05
16.5552 3.9596e+05 3.0668e+05 5.2375e+05 3.1263e+05 5.1949e+05 3.7614e+05 4.1688e+05 3.7078e+05 4.2114e+05 4.3945e+05 3.6434e+05 4.5144e+05 3.1263e+05 5.1949e+05 3.2277e+05
16.6555 3.8766e+05 3.0045e+05 5.1235e+05 3.0625e+05 5.0819e+05 3.6836e+05 4.0803e+05 3.6307e+05 4.1226e+05 4.3032e+05 3.5667e+05 4.4171e+05 3.0625e+05 5.0819e+05 3.1635e+05
16.7559 3.7957e+05 2.9438e+05 5.0124e+05 3.0003e+05 4.9719e+05 3.6077e+05 3.9939e+05 3.5555e+05 4.0359e+05 4.2142e+05 3.4918e+05 4.3222e+05 3.0003e+05 4.9719e+05 3.1008e+05
16.8562 3.7167e+05 2.8845e+05 4.9041e+05 2.9396e+05 4.8646e+05 3.5336e+05 3.9097e+05 3.4820e+05 3.9514e+05 4.1272e+05 3.4188e+05 4.2297e+05 2.9396e+05 4.8646e+05 3.0396e+05
16.9565 3.6397e+05 2.8266e+05 4.7985e+05 2.8803e+05 4.7600e+05 3.4613e+05 3.8276e+05 3.4104e+05 3.8690e+05 4.0424e+05 3.3476e+05 4.1395e+05 2.8803e+05 4.7600e+05 2.9797e+05
17.0569 3.5645e+05 2.7700e+05 4.6956e+05 2.8224e+05 4.6580e+05 3.3907e+05 3.7475e+05 3.3404e+05 3.7886e+05 3.9596e+05 3.2781e+05 4.0516e+05 2.8224e+05 4.6580e+05 2.9212e+05
17.1572 3.4911e+05 2.7148e+05 4.5952e+05 2.7658e+05 4.5585e+05 3.3218e+05 3.6693e+05 3.2722e+05 3.7101e+05 3.8787e+05 3.2103e+05 3.9658e+05 2.7658e+05 4.5585e+05 2.8641e+05
17.2575 3.4196e+05 2.6609e+05 4.4973e+05 2.7107e+05 4.4615e+05 3.2546e+05 3.5931e+05 3.2056e+05 3.6335e+05 3.7998e+05 3.1442e+05 3.8822e+05 2.7107e+05 4.4615e+05 2.8082e+05
17.3579 3.3497e+05 2.6083e+05 4.4019e+05 2.6568e+05 4.3670e+05 3.1889e+05 3.5187e+05 3.1405e+05 3.5588e+05 3.7227e+05 3.0797e+05 3.8007e+05 2.6568e+05 4.3670e+05 2.7537e+05
17.4582 3.2815e+05 2.5568e+05 4.3089e+05 2.6042e+05 4.2748e+05 3.1248e+05 3.4461e+05 3.0770e+05 3.4860e+05 3.6475e+05 3.0167e+05 3.7211e+05 2.6042e+05 4.2748e+05 2.7003e+05
17.5585 3.2149e+05 2.5066e+05 4.2181e+05 2.5528e+05 4.1848e+05 3.0622e+05 3.3753e+05 3.0150e+05 3.4148e+05 3.5740e+05 2.9553e+05 3.6436e+05 2.5528e+05 4.1848e+05 2.6482e+05
17.6589 3.1500e+05 2.4575e+05 4.1296e+05 2.5026e+05 4.0971e+05 3.0011e+05 3.3062e+05 2.9545e+05 3.3454e+05 3.5022e+05 2.8954e+05 3.5679e+05 2.5026e+05 4.0971e+05 2.5973e+05
17.7592 3.0865e+05 2.4096e+05 4.0432e+05 2.4535e+05 4.0115e+05 2.9415e+05 3.2388e+05 2.8954e+05 3.2776e+05 3.4322e+05 2.8368e+05 3.4940e+05 2.4535e+05 4.0115e+05 2.5475e+05
17.8595 3.0246e+05 2.3627e+05 3.9590e+05 2.4056e+05 3.9280e+05 2.8832e+05 3.1730e+05 2.8377e+05 3.2115e+05 3.3637e+05 2.7797e+05 3.4220e+05 2.4056e+05 3.9280e+05 2.4988e+05
17.9599 2.9641e+05 2.3169e+05 3.8768e+05 2.3588e+05 3.8465e+05 2.8262e+05 3.1087e+05 2.7813e+05 3.1469e+05 3.2969e+05 2.7239e+05 3.3517e+05 2.3588e+05 3.8465e+05 2.4512e+05
18.0602 2.9050e+05 2.2722e+05 3.7965e+05 2.3130e+05 3.7670e+05 2.7706e+05 3.0459e+05 2.7263e+05 3.0838e+05 3.2316e+05 2.6694e+05 3.2831e+05 2.3130e+05 3.7670e+05 2.4046e+05
18.1605 2.8473e+05 2.2284e+05 3.7183e+05 2.2683e+05 3.6894e+05 2.7162e+05 2.9847e+05 2.6725e+05 3.0222e+05 3.1677e+05 2.6162e+05 3.2161e+05 2.2683e+05 3.6894e+05 2.3590e+05
18.2609 2.7910e+05 2.1857e+05 3.6419e+05 2.2246e+05 3.6137e+05 2.6631e+05 2.9248e+05 2.6199e+05 2.9620e+05 3.1054e+05 2.5642e+05 3.1507e+05 2.2246e+05 3.6137e+05 2.3145e+05
18.3612 2.7359e+05 2.1439e+05 3.5673e+05 2.1819e+05 3.5398e+05 2.6112e+05 2.8664e+05 2.5685e+05 2.9033e+05 3.0444e+05 2.5135e+05 3.0869e+05 2.1819e+05 3.5398e+05 2.2709e+05
18.4615 2.6821e+05 2.1030e+05 3.4945e+05 2.1401e+05 3.4676e+05 2.5605e+05 2.8093e+05 2.5183e+05 2.8459e+05 2.9849e+05 2.4639e+05 3.0246e+05 2.1401e+05 3.4676e+05 2.2283e+05
18.5619 2.6295e+05 2.0630e+05 3.4235e+05 2.0993e+05 3.3972e+05 2.5109e+05 2.7536e+05 2.4693e+05 2.7898e+05 2.9266e+05 2.4155e+05 2.9637e+05 2.0993e+05 3.3972e+05 2.1866e+05
18.6622 2.5782e+05 2.0239e+05 3.3541e+05 2.0593e+05 3.3284e+05 2.4624e+05 2.6991e+05 2.4213e+05 2.7350e+05 2.8698e+05 2.3681e+05 2.9043e+05 2.0593e+05 3.3284e+05 2.1459e+05
18.7625 2.5280e+05 1.9857e+05 3.2863e+05 2.0203e+05 3.2612e+05 2.4151e+05 2.6459e+05 2.3745e+05 2.6815e+05 2.8142e+05 2.3219e+05 2.8462e+05 2.0203e+05 3.2612e+05 2.1060e+05
18.8629 2.4789e+05 1.9484e+05 3.2202e+05 1.9821e+05 3.1956e+05 2.3688e+05 2.5940e+05 2.3287e+05 2.6292e+05 2.7598e+05 2.2767e+05 2.7896e+05 1.9821e+05 3.1956e+05 2.0669e+05
18.9632 2.4310e+05 1.9118e+05 3.1556e+05 1.9448e+05 3.1316e+05 2.3235e+05 2.5432e+05 2.2839e+05 2.5781e+05 2.7066e+05 2.2326e+05 2.7342e+05 1.9448e+05 3.1316e+05 2.0287e+05
19.0635 2.3841e+05 1.8761e+05 3.0925e+05 1.9083e+05 3.0690e+05 2.2792e+05 2.4935e+05 2.2401e+05 2.5281e+05 2.6547e+05 2.1894e+05 2.6802e+05 1.9083e+05 3.0690e+05 1.9914e+05
19.1639 2.3383e+05 1.8411e+05 3.0309e+05 1.8726e+05 3.0079e+05 2.2360e+05 2.4450e+05 2.1973e+05 2.4793e+05 2.6039e+05 2.1472e+05 2.6273e+05 1.8726e+05 3.0079e+05 1.9548e+05
19.2642 2.2935e+05 1.8069e+05 2.9707e+05 1.8377e+05 2.9483e+05 2.1936e+05 2.3977e+05 2.1555e+05 2.4316e+05 2.5542e+05 2.1060e+05 2.5757e+05 1.8377e+05 2.9483e+05 1.9190e+05
19.3645 2.2497e+05 1.7734e+05 2.9119e+05 1.8035e+05 2.8900e+05 2.1523e+05 2.3513e+05 2.1146e+05 2.3849e+05 2.5056e+05 2.0657e+05 2.5253e+05 1.8035e+05 2.8900e+05 1.8840e+05
19.4649 2.2069e+05 1.7407e+05 2.8545e+05 1.7701e+05 2.8330e+05 2.1118e+05 2.3061e+05 2.0746e+05 2.3393e+05 2.4581e+05 2.0263e+05 2.4760e+05 1.7701e+05 2.8330e+05 1.8496e+05
19.5652 2.1651e+05 1.7086e+05 2.7984e+05 1.7374e+05 2.7774e+05 2.0722e+05 2.2618e+05 2.0354e+05 2.2947e+05 2.4117e+05 1.9878e+05 2.4279e+05 1.7374e+05 2.7774e+05 1.8161e+05
19.6656 2.1242e+05 1.6773e+05 2.7435e+05 1.7054e+05 2.7230e+05 2.0335e+05 2.2186e+05 1.9972e+05 2.2512e+05 2.3662e+05 1.9502e+05 2.3808e+05 1.7054e+05 2.7230e+05 1.7832e+05
19.7659 2.0841e+05 1.6466e+05 2.6900e+05 1.6741e+05 2.6698e+05 1.9956e+05 2.1763e+05 1.9597e+05 2.2085e+05 2.3218e+05 1.9134e+05 2.3349e+05 1.6741e+05 2.6698e+05 1.7511e+05
19.8662 2.0450e+05 1.6166e+05 2.6376e+05 1.6435e+05 2.6179e+05 1.9586e+05 2.1349e+05 1.9231e+05 2.1669e+05 2.2783e+05 1.8774e+05 2.2899e+05 1.6435e+05 2.6179e+05 1.7196e+05
19.9666 2.0067e+05 1.5872e+05 2.5864e+05 1.6135e+05 2.5672e+05 1.9223e+05 2.0945e+05 1.8873e+05 2.1261e+05 2.2358e+05 1.8422e+05 2.2460e+05 1.6135e+05 2.5672e+05 1.6888e+05
20.0669 1.9693e+05 1.5585e+05 2.5364e+05 1.5842e+05 2.5176e+05 1.8868e+05 2.0549e+05 1.8523e+05 2.0863e+05 2.1942e+05 1.8077e+05 2.2031e+05 1.5842e+05 2.5176e+05 1.6586e+05
20.1672 1.9326e+05 1.5303e+05 2.4875e+05 1.5555e+05 2.4691e+05 1.8522e+05 2.0163e+05 1.8180e+05 2.0473e+05 2.1534e+05 1.7740e+05 2.1611e+05 1.5555e+05 2.4691e+05 1.6290e+05
20.2676 1.8968e+05 1.5028e+05 2.4397e+05 1.5274e+05 2.4217e+05 1.8182e+05 1.9785e+05 1.7845e+05 2.0092e+05 2.1136e+05 1.7411e+05 2.1200e+05 1.5274e+05 2.4217e+05 1.6001e+05
20.3679 1.8618e+05 1.4758e+05 2.3930e+05 1.4999e+05 2.3753e+05 1.7850e+05 1.9415e+05 1.7517e+05 1.9719e+05 2.0746e+05 1.7089e+05 2.0799e+05 1.4999e+05 2.3753e+05 1.5717e+05
20.4682 1.8275e+05 1.4494e+05 2.3473e+05 1.4730e+05 2.3300e+05 1.7525e+05 1.9053e+05 1.7196e+05 1.9354e+05 2.0365e+05 1.6774e+05 2.0406e+05 1.4730e+05 2.3300e+05 1.5440e+05
20.5686 1.7939e+05 1.4236e+05 2.3027e+05 1.4467e+05 2.2857e+05 1.7206e+05 1.8699e+05 1.6881e+05 1.8997e+05 1.9992e+05 1.6465e+05 2.0023e+05 1.4467e+05 2.2857e+05 1.5168e+05
20.6689 1.7611e+05 1.3983e+05 2.2590e+05 1.4209e+05 2.2424e+05 1.6895e+05 1.8353e+05 1.6574e+05 1.8648e+05 1.9627e+05 1.6163e+05 1.9648e+05 1.4209e+05 2.2424e+05 1.4902e+05
20.7692 1.7290e+05 1.3735e+05 2.2163e+05 1.3956e+05 2.2000e+05 1.6590e+05 1.8014e+05 1.6273e+05 1.8306e+05 1.9269e+05 1.5868e+05 1.9280e+05 1.3956e+05 2.2000e+05 1.4641e+05
20.8696 1.6975e+05 1.3492e+05 2.1745e+05 1.3709e+05 2.1586e+05 1.6292e+05 1.7683e+05 1.5978e+05 1.7972e+05 1.8919e+05 1.5579e+05 1.8921e+05 1.3709e+05 2.1586e+05 1.4385e+05
20.9699 1.6667e+05 1.3255e+05 2.1337e+05 1.3466e+05 2.1181e+05 1.6000e+05 1.7359e+05 1.5690e+05 1.7644e+05 1.8577e+05 1.5296e+05 1.8570e+05 1.3466e+05 2.1181e+05 1.4135e+05
21.0702 1.6366e+05 1.3022e+05 2.0937e+05 1.3229e+05 2.0784e+05 1.5714e+05 1.7042e+05 1.5408e+05 1.7324e+05 1.8241e+05 1.5020e+05 1.8227e+05 1.3229e+05 2.0784e+05 1.3890e+05
21.1706 1.6071e+05 1.2794e+05 2.0547e+05 1.2997e+05 2.0397e+05 1.5434e+05 1.6731e+05 1.5132e+05 1.7011e+05 1.7913e+05 1.4749e+05 1.7890e+05 1.2997e+05 2.0397e+05 1.3649e+05
21.2709 1.5783e+05 1.2571e+05 2.0164e+05 1.2770e+05 2.0018e+05 1.5160e+05 1.6427e+05 1.4861e+05 1.6704e+05 1.7592e+05 1.4484e+05 1.7562e+05 1.2770e+05 2.0018e+05 1.3414e+05
21.3712 1.5500e+05 1.2352e+05 1.9790e+05 1.2547e+05 1.9646e+05 1.4891e+05 1.6130e+05 1.4596e+05 1.6404e+05 1.7277e+05 1.4224e+05 1.7240e+05 1.2547e+05 1.9646e+05 1.3183e+05
21.4716 1.5224e+05 1.2138e+05 1.9424e+05 1.2329e+05 1.9284e+05 1.4628e+05 1.5839e+05 1.4337e+05 1.6110e+05 1.6969e+05 1.3970e+05 1.6925e+05 1.2329e+05 1.9284e+05 1.2957e+05
21.5719 1.4953e+05 1.1928e+05 1.9066e+05 1.2115e+05 1.8928e+05 1.4371e+05 1.5554e+05 1.4083e+05 1.5822e+05 1.6667e+05 1.3722e+05 1.6617e+05 1.2115e+05 1.8928e+05 1.2736e+05
21.6722 1.4688e+05 1.1723e+05 1.8716e+05 1.1906e+05 1.8581e+05 1.4119e+05 1.5275e+05 1.3834e+05 1.5541e+05 1.6372e+05 1.3478e+05 1.6316e+05 1.1906e+05 1.8581e+05 1.2519e+05
21.7726 1.4428e+05 1.1521e+05 1.8373e+05 1.1701e+05 1.8240e+05 1.3872e+05 1.5002e+05 1.3591e+05 1.5265e+05 1.6083e+05 1.3240e+05 1.6020e+05 1.1701e+05 1.8240e+05 1.2306e+05
21.8729 1.4174e+05 1.1324e+05 1.8038e+05 1.1500e+05 1.7908e+05 1.3630e+05 1.4735e+05 1.3352e+05 1.4995e+05 1.5799e+05 1.3007e+05 1.5732e+05 1.1500e+05 1.7908e+05 1.2098e+05
21.9732 1.3925e+05 1.1131e+05 1.7710e+05 1.1303e+05 1.7582e+05 1.3393e+05 1.4473e+05 1.3119e+05 1.4730e+05 1.5522e+05 1.2778e+05 1.5449e+05 1.1303e+05 1.7582e+05 1.1894e+05
22.0736 1.3681e+05 1.0941e+05 1.7388e+05 1.1110e+05 1.7263e+05 1.3161e+05 1.4217e+05 1.2890e+05 1.4472e+05 1.5250e+05 1.2554e+05 1.5172e+05 1.1110e+05 1.7263e+05 1.1693e+05
22.1739 1.3442e+05 1.0755e+05 1.7074e+05 1.0921e+05 1.6951e+05 1.2933e+05 1.3966e+05 1.2666e+05 1.4218e+05 1.4984e+05 1.2335e+05 1.4901e+05 1.0921e+05 1.6951e+05 1.1497e+05
22.2742 1.3208e+05 1.0573e+05 1.6766e+05 1.0735e+05 1.6646e+05 1.2711e+05 1.3720e+05 1.2446e+05 1.3969e+05 1.4723e+05 1.2120e+05 1.4636e+05 1.0735e+05 1.6646e+05 1.1304e+05
22.3746 1.2979e+05 1.0395e+05 1.6465e+05 1.0554e+05 1.6347e+05 1.2492e+05 1.3480e+05 1.2231e+05 1.3726e+05 1.4467e+05 1.1910e+05 1.4376e+05 1.0554e+05 1.6347e+05 1.1116e+05
22.4749 1.2754e+05 1.0220e+05 1.6170e+05 1.0376e+05 1.6054e+05 1.2278e+05 1.3244e+05 1.2020e+05 1.3488e+05 1.4217e+05 1.1704e+05 1.4122e+05 1.0376e+05 1.6054e+05 1.0930e+05
22.5753 1.2534e+05 1.0048e+05 1.5881e+05 1.0201e+05 1.5767e+05 1.2069e+05 1.3013e+05 1.1814e+05 1.3254e+05 1.3972e+05 1.1502e+05 1.3873e+05 1.0201e+05 1.5767e+05 1.0749e+05
22.6756 1.2318e+05 9.8803e+04 1.5598e+05 1.0030e+05 1.5487e+05 1.1863e+05 1.2787e+05 1.1611e+05 1.3025e+05 1.3731e+05 1.1304e+05 1.3629e+05 1.0030e+05 1.5487e+05 1.0571e+05
22.7759 1.2107e+05 9.7155e+04 1.5322e+05 9.8621e+04 1.5212e+05 1.1662e+05 1.2565e+05 1.1413e+05 1.2801e+05 1.3496e+05 1.1110e+05 1.3390e+05 9.8621e+04 1.5212e+05 1.0396e+05
22.8763 1.1900e+05 9.5538e+04 1.5051e+05 9.6976e+04 1.4943e+05 1.1464e+05 1.2348e+05 1.1219e+05 1.2582e+05 1.3265e+05 1.0920e+05 1.3156e+05 9.6976e+04 1.4943e+05 1.0225e+05
22.9766 1.1697e+05 9.3954e+04 1.4785e+05 9.5364e+04 1.4680e+05 1.1271e+05 1.2135e+05 1.1028e+05 1.2366e+05 1.3038e+05 1.0734e+05 1.2927e+05 9.5364e+04 1.4680e+05 1.0057e+05
23.0769 1.1498e+05 9.2400e+04 1.4525e+05 9.3783e+04 1.4422e+05 1.1081e+05 1.1927e+05 1.0841e+05 1.2155e+05 1.2817e+05 1.0552e+05 1.2703e+05 9.3783e+04 1.4422e+05 9.8925e+04
23.1773 1.1304e+05 9.0876e+04 1.4270e+05 9.2232e+04 1.4169e+05 1.0895e+05 1.1723e+05 1.0658e+05 1.1949e+05 1.2599e+05 1.0373e+05 1.2483e+05 9.2232e+04 1.4169e+05 9.7310e+04
23.2776 1.1112e+05 8.9381e+04 1.4021e+05 9.0712e+04 1.3922e+05 1.0713e+05 1.1522e+05 1.0479e+05 1.1746e+05 1.2386e+05 1.0198e+05 1.2267e+05 9.0712e+04 1.3922e+05 9.5725e+04
23.3779 1.0925e+05 8.7916e+04 1.3777e+05 8.9221e+04 1.3679e+05 1.0534e+05 1.1326e+05 1.0303e+05 1.1548e+05 1.2177e+05 1.0026e+05 1.2056e+05 8.9221e+04 1.3679e+05 9.4171e+04
23.4783 1.0742e+05 8.6478e+04 1.3537e+05 8.7759e+04 1.3442e+05 1.0359e+05 1.1134e+05 1.0130e+05 1.1353e+05 1.1972e+05 9.8577e+04 1.1850e+05 8.7759e+04 1.3442e+05 9.2646e+04
23.5786 1.0562e+05 8.5069e+04 1.3303e+05 8.6325e+04 1.3209e+05 1.0187e+05 1.0946e+05 9.9614e+04 1.1162e+05 1.1772e+05 9.6927e+04 1.1647e+05 8.6325e+04 1.3209e+05 9.1150e+04
23.6789 1.0385e+05 8.3685e+04 1.3073e+05 8.4918e+04 1.2981e+05 1.0019e+05 1.0761e+05 9.7957e+04 1.0975e+05 1.1575e+05 9.5309e+04 1.1448e+05 8.4918e+04 1.2981e+05 8.9682e+04
23.7793 1.0212e+05 8.2328e+04 1.2848e+05 8.3538e+04 1.2758e+05 9.8536e+04 1.0580e+05 9.6331e+04 1.0792e+05 1.1382e+05 9.3723e+04 1.1254e+05 8.3538e+04 1.2758e+05 8.8241e+04
23.8796 1.0043e+05 8.0997e+04 1.2628e+05 8.2184e+04 1.2539e+05 9.6916e+04 1.0403e+05 9.4737e+04 1.0612e+05 1.1193e+05 9.2168e+04 1.1063e+05 8.2184e+04 1.2539e+05 8.6828e+04
23.9799 9.8765e+04 7.9691e+04 1.2412e+05 8.0856e+04 1.2324e+05 9.5327e+04 1.0229e+05 9.3174e+04 1.0436e+05 1.1007e+05 9.0643e+04 1.0876e+05 8.0856e+04 1.2324e+05 8.5441e+04
24.0803 9.7134e+04 7.8410e+04 1.2200e+05 7.9553e+04 1.2114e+05 9.3768e+04 1.0058e+05 9.1641e+04 1.0263e+05 1.0825e+05 8.9147e+04 1.0693e+05 7.9553e+04 1.2114e+05 8.4080e+04
24.1806 9.5535e+04 7.7153e+04 1.1992e+05 7.8275e+04 1.1908e+05 9.2239e+04 9.8908e+04 9.0137e+04 1.0093e+05 1.0647e+05 8.7681e+04 1.0513e+05 7.8275e+04 1.1908e+05 8.2744e+04
24.2809 9.3967e+04 7.5919e+04 1.1789e+05 7.7021e+04 1.1706e+05 9.0740e+04 9.7268e+04 8.8662e+04 9.9271e+04 1.0472e+05 8.6243e+04 1.0337e+05 7.7021e+04 1.1706e+05 8.1433e+04
24.3813 9.2428e+04 7.4709e+04 1.1590e+05 7.5790e+04 1.1508e+05 8.9268e+04 9.5660e+04 8.7216e+04 9.7641e+04 1.0300e+05 8.4833e+04 1.0164e+05 7.5790e+04 1.1508e+05 8.0146e+04
24.4816 9.0920e+04 7.3521e+04 1.1394e+05 7.4583e+04 1.1314e+05 8.7825e+04 9.4083e+04 8.5797e+04 9.6042e+04 1.0131e+05 8.3449e+04 9.9950e+04 7.4583e+04 1.1314e+05 7.8883e+04
24.5819 8.9440e+04 7.2355e+04 1.1203e+05 7.3398e+04 1.1124e+05 8.6409e+04 9.2537e+04 8.4405e+04 9.4475e+04 9.9662e+04 8.2093e+04 9.8290e+04 7.3398e+04 1.1124e+05 7.7643e+04
24.6823 8.7988e+04 7.1211e+04 1.1015e+05 7.2235e+04 1.0938e+05 8.5020e+04 9.1020e+04 8.3039e+04 9.2937e+04 9.8041e+04 8.0762e+04 9.6663e+04 7.2235e+04 1.0938e+05 7.6426e+04
24.7826 8.6564e+04 7.0088e+04 1.0831e+05 7.1094e+04 1.0755e+05 8.3657e+04 8.9533e+04 8.1700e+04 9.1428e+04 9.6451e+04 7.9456e+04 9.5067e+04 7.1094e+04 1.0755e+05 7.5231e+04
24.8829 8.5167e+04 6.8986e+04 1.0650e+05 6.9974e+04 1.0576e+05 8.2319e+04 8.8074e+04 8.0385e+04 8.9948e+04 9.4891e+04 7.8175e+04 9.3502e+04 6.9974e+04 1.0576e+05 7.4058e+04
24.9833 8.3796e+04 6.7905e+04 1.0473e+05 6.8874e+04 1.0400e+05 8.1007e+04 8.6643e+04 7.9095e+04 8.8497e+04 9.3361e+04 7.6919e+04 9.1968e+04 6.8874e+04 1.0400e+05 7.2907e+04
25.0836 8.2451e+04 6.6842e+04 1.0300e+05 6.7795e+04 1.0228e+05 7.9719e+04 8.5239e+04 7.7830e+04 8.7072e+04 9.1859e+04 7.5686e+04 9.0463e+04 6.7795e+04 1.0228e+05 7.1776e+04
25.1839 8.1132e+04 6.5800e+04 1.0130e+05 6.6736e+04 1.0059e+05 7.8455e+04 8.3862e+04 7.6588e+04 8.5675e+04 9.0386e+04 7.4476e+04 8.8986e+04 6.6736e+04 1.0059e+05 7.0666e+04
25.2843 7.9837e+04 6.4777e+04 9.9626e+04 6.5696e+04 9.8929e+04 7.7214e+04 8.2510e+04 7.5370e+04 8.4304e+04 8.8940e+04 7.3290e+04 8.7538e+04 6.5696e+04 9.8929e+04 6.9576e+04
25.3846 7.8566e+04 6.3772e+04 9.7989e+04 6.4674e+04 9.7304e+04 7.5997e+04 8.1185e+04 7.4174e+04 8.2959e+04 8.7521e+04 7.2125e+04 8.6118e+04 6.4674e+04 9.7304e+04 6.8506e+04
25.4849 7.7319e+04 6.2785e+04 9.6384e+04 6.3672e+04 9.5710e+04 7.4802e+04 7.9884e+04 7.3000e+04 8.1638e+04 8.6128e+04 7.0982e+04 8.4724e+04 6.3672e+04 9.5710e+04 6.7454e+04
25.5853 7.6095e+04 6.1817e+04 9.4809e+04 6.2688e+04 9.4147e+04 7.3628e+04 7.8608e+04 7.1848e+04 8.0343e+04 8.4761e+04 6.9860e+04 8.3358e+04 6.2688e+04 9.4147e+04 6.6422e+04
25.6856 7.4894e+04 6.0866e+04 9.3265e+04 6.1722e+04 9.2613e+04 7.2477e+04 7.7356e+04 7.0717e+04 7.9072e+04 8.3420e+04 6.8759e+04 8.2016e+04 6.1722e+04 9.2613e+04 6.5408e+04
25.7860 7.3716e+04 5.9932e+04 9.1749e+04 6.0773e+04 9.1109e+04 7.1347e+04 7.6127e+04 6.9607e+04 7.7824e+04 8.2103e+04 6.7679e+04 8.0701e+04 6.0773e+04 9.1109e+04 6.4413e+04
25.8863 7.2558e+04 5.9014e+04 9.0263e+04 5.9841e+04 8.9633e+04 7.0237e+04 7.4921e+04 6.8518e+04 7.6599e+04 8.0811e+04 6.6618e+04 7.9410e+04 5.9841e+04 8.9633e+04 6.3435e+04
25.9866 7.1423e+04 5.8114e+04 8.8805e+04 5.8926e+04 8.8185e+04 6.9147e+04 7.3737e+04 6.7448e+04 7.5397e+04 7.9542e+04 6.5577e+04 7.8143e+04 5.8926e+04 8.8185e+04 6.2474e+04
26.0870 7.0308e+04 5.7229e+04 8.7374e+04 5.8028e+04 8.6764e+04 6.8078e+04 7.2575e+04 6.6398e+04 7.4217e+04 7.8297e+04 6.4555e+04 7.6899e+04 5.8028e+04 8.6764e+04 6.1530e+04
26.1873 6.9213e+04 5.6360e+04 8.5970e+04 5.7146e+04 8.5371e+04 6.7027e+04 7.1435e+04 6.5368e+04 7.3059e+04 7.7074e+04 6.3552e+04 7.5679e+04 5.7146e+04 8.5371e+04 6.0604e+04
26.2876 6.8139e+04 5.5507e+04 8.4592e+04 5.6279e+04 8.4003e+04 6.5996e+04 7.0316e+04 6.4356e+04 7.1922e+04 7.5874e+04 6.2568e+04 7.4482e+04 5.6279e+04 8.4003e+04 5.9693e+04
26.3880 6.7084e+04 5.4669e+04 8.3241e+04 5.5428e+04 8.2661e+04 6.4983e+04 6.9217e+04 6.3362e+04 7.0805e+04 7.4696e+04 6.1601e+04 7.3307e+04 5.5428e+04 8.2661e+04 5.8798e+04
26.4883 6.6048e+04 5.3846e+04 8.1914e+04 5.4592e+04 8.1344e+04 6.3989e+04 6.8139e+04 6.2386e+04 6.9710e+04 7.3539e+04 6.0651e+04 7.2154e+04 5.4592e+04 8.1344e+04 5.7920e+04
26.5886 6.5031e+04 5.3037e+04 8.0613e+04 5.3770e+04 8.0051e+04 6.3012e+04 6.7080e+04 6.1428e+04 6.8634e+04 7.2402e+04 5.9719e+04 7.1022e+04 5.3770e+04 8.0051e+04 5.7056e+04
26.6890 6.4032e+04 5.2243e+04 7.9335e+04 5.2964e+04 7.8783e+04 6.2053e+04 6.6041e+04 6.0487e+04 6.7577e+04 7.1287e+04 5.8804e+04 6.9910e+04 5.2964e+04 7.8783e+04 5.6208e+04
26.7893 6.3052e+04 5.1462e+04 7.8081e+04 5.2171e+04 7.7538e+04 6.1111e+04 6.5020e+04 5.9564e+04 6.6540e+04 7.0191e+04 5.7905e+04 6.8819e+04 5.2171e+04 7.7538e+04 5.5374e+04
26.8896 6.2088e+04 5.0696e+04 7.6850e+04 5.1393e+04 7.6316e+04 6.0186e+04 6.4018e+04 5.8656e+04 6.5521e+04 6.9116e+04 5.7023e+04 6.7748e+04 5.1393e+04 7.6316e+04 5.4555e+04
26.9900 6.1143e+04 4.9942e+04 7.5643e+04 5.0628e+04 7.5116e+04 5.9277e+04 6.3034e+04 5.7765e+04 6.4521e+04 6.8059e+04 5.6156e+04 6.6697e+04 5.0628e+04 7.5116e+04 5.3750e+04
27.0903 6.0214e+04 4.9202e+04 7.4457e+04 4.9876e+04 7.3939e+04 5.8384e+04 6.2068e+04 5.6890e+04 6.3538e+04 6.7021e+04 5.5304e+04 6.5665e+04 4.9876e+04 7.3939e+04 5.2959e+04
27.1906 5.9302e+04 4.8474e+04 7.3293e+04 4.9138e+04 7.2783e+04 5.7507e+04 6.1119e+04 5.6030e+04 6.2573e+04 6.6002e+04 5.4468e+04 6.4652e+04 4.9138e+04 7.2783e+04 5.2182e+04
27.2910 5.8406e+04 4.7760e+04 7.2151e+04 4.8412e+04 7.1649e+04 5.6646e+04 6.0188e+04 5.5186e+04 6.1626e+04 6.5002e+04 5.3647e+04 6.3657e+04 4.8412e+04 7.1649e+04 5.1418e+04
27.3913 5.7526e+04 4.7057e+04 7.1029e+04 4.7699e+04 7.0535e+04 5.5800e+04 5.9273e+04 5.4356e+04 6.0695e+04 6.4018e+04 5.2840e+04 6.2680e+04 4.7699e+04 7.0535e+04 5.0667e+04
27.4916 5.6661e+04 4.6367e+04 6.9928e+04 4.6998e+04 6.9442e+04 5.4968e+04 5.8374e+04 5.3541e+04 5.9781e+04 6.3053e+04 5.2048e+04 6.1720e+04 4.6998e+04 6.9442e+04 4.9929e+04
27.5920 5.5812e+04 4.5689e+04 6.8847e+04 4.6310e+04 6.8368e+04 5.4151e+04 5.7492e+04 5.2740e+04 5.8883e+04 6.2104e+04 5.1269e+04 6.0778e+04 4.6310e+04 6.8368e+04 4.9204e+04
27.6923 5.4977e+04 4.5022e+04 6.7786e+04 4.5633e+04 6.7314e+04 5.3349e+04 5.6625e+04 5.1954e+04 5.8001e+04 6.1172e+04 5.0505e+04 5.9853e+04 4.5633e+04 6.7314e+04 4.8490e+04
27.7926 5.4158e+04 4.4367e+04 6.6744e+04 4.4968e+04 6.6280e+04 5.2560e+04 5.5773e+04 5.1181e+04 5.7134e+04 6.0257e+04 4.9753e+04 5.8944e+04 4.4968e+04 6.6280e+04 4.7789e+04
27.8930 5.3352e+04 4.3722e+04 6.5720e+04 4.4314e+04 6.5263e+04 5.1785e+04 5.4936e+04 5.0422e+04 5.6282e+04 5.9357e+04 4.9015e+04 5.8052e+04 4.4314e+04 6.5263e+04 4.7100e+04
27.9933 5.2561e+04 4.3089e+04 6.4715e+04 4.3671e+04 6.4265e+04 5.1023e+04 5.4115e+04 4.9676e+04 5.5446e+04 5.8474e+04 4.8290e+04 5.7176e+04 4.3671e+04 6.4265e+04 4.6422e+04
28.0936 5.1783e+04 4.2467e+04 6.3729e+04 4.3040e+04 6.3285e+04 5.0275e+04 5.3307e+04 4.8943e+04 5.4624e+04 5.7605e+04 4.7577e+04 5.6315e+04 4.3040e+04 6.3285e+04 4.5756e+04
28.1940 5.1019e+04 4.1855e+04 6.2759e+04 4.2419e+04 6.2323e+04 4.9539e+04 5.2514e+04 4.8222e+04 5.3816e+04 5.6752e+04 4.6876e+04 5.5469e+04 4.2419e+04 6.2323e+04 4.5101e+04
28.2943 5.0268e+04 4.1253e+04 6.1808e+04 4.1808e+04 6.1378e+04 4.8816e+04 5.1735e+04 4.7514e+04 5.3023e+04 5.5914e+04 4.6188e+04 5.4638e+04 4.1808e+04 6.1378e+04 4.4457e+04
28.3946 4.9531e+04 4.0662e+04 6.0873e+04 4.1208e+04 6.0449e+04 4.8105e+04 5.0969e+04 4.6818e+04 5.2243e+04 5.5090e+04 4.5511e+04 5.3822e+04 4.1208e+04 6.0449e+04 4.3824e+04
28.4950 4.8806e+04 4.0080e+04 5.9954e+04 4.0618e+04 5.9537e+04 4.7407e+04 5.0216e+04 4.6134e+04 5.1476e+04 5.4280e+04 4.4847e+04 5.3020e+04 4.0618e+04 5.9537e+04 4.3201e+04
28.5953 4.8093e+04 3.9509e+04 5.9052e+04 4.0038e+04 5.8641e+04 4.6720e+04 4.9477e+04 4.5462e+04 5.0723e+04 5.3484e+04 4.4193e+04 5.2232e+04 4.0038e+04 5.8641e+04 4.2589e+04
28.6957 4.7392e+04 3.8946e+04 5.8166e+04 3.9467e+04 5.7761e+04 4.6045e+04 4.8750e+04 4.4802e+04 4.9983e+04 5.2702e+04 4.3551e+04 5.1458e+04 3.9467e+04 5.7761e+04 4.1987e+04
28.7960 4.6704e+04 3.8394e+04 5.7296e+04 3.8906e+04 5.6897e+04 4.5382e+04 4.8036e+04 4.4152e+04 4.9255e+04 5.1933e+04 4.2920e+04 5.0698e+04 3.8906e+04 5.6897e+04 4.1394e+04
28.8963 4.6027e+04 3.7850e+04 5.6440e+04 3.8355e+04 5.6048e+04 4.4730e+04 4.7334e+04 4.3514e+04 4.8540e+04 5.1178e+04 4.2299e+04 4.9950e+04 3.8355e+04 5.6048e+04 4.0812e+04
28.9967 4.5362e+04 3.7315e+04 5.5600e+04 3.7812e+04 5.5213e+04 4.4088e+04 4.6645e+04 4.2886e+04 4.7837e+04 5.0435e+04 4.1689e+04 4.9216e+04 3.7812e+04 5.5213e+04 4.0239e+04
29.0970 4.4708e+04 3.6790e+04 5.4775e+04 3.7279e+04 5.4393e+04 4.3458e+04 4.5967e+04 4.2269e+04 4.7146e+04 4.9705e+04 4.1090e+04 4.8494e+04 3.7279e+04 5.4393e+04 3.9676e+04
29.1973 4.4065e+04 3.6273e+04 5.3963e+04 3.6754e+04 5.3588e+04 4.2838e+04 4.5300e+04 4.1663e+04 4.6467e+04 4.8987e+04 4.0500e+04 4.7785e+04 3.6754e+04 5.3588e+04 3.9122e+04
29.2977 4.3433e+04 3.5764e+04 5.3166e+04 3.6239e+04 5.2796e+04 4.2228e+04 4.4645e+04 4.1066e+04 4.5799e+04 4.8281e+04 3.9920e+04 4.7088e+04 3.6239e+04 5.2796e+04 3.8576e+04
29.3980 4.2811e+04 3.5264e+04 5.2383e+04 3.5731e+04 5.2018e+04 4.1629e+04 4.4001e+04 4.0480e+04 4.5143e+04 4.7587e+04 3.9350e+04 4.6403e+04 3.5731e+04 5.2018e+04 3.8040e+04
29.4983 4.2200e+04 3.4772e+04 5.1613e+04 3.5232e+04 5.1254e+04 4.1039e+04 4.3368e+04 3.9904e+04 4.4497e+04 4.6905e+04 3.8790e+04 4.5729e+04 3.5232e+04 5.1254e+04 3.7512e+04
29.5987 4.1600e+04 3.4288e+04 5.0857e+04 3.4741e+04 5.0503e+04 4.0460e+04 4.2746e+04 3.9337e+04 4.3862e+04 4.6235e+04 3.8239e+04 4.5067e+04 3.4741e+04 5.0503e+04 3.6994e+04
29.6990 4.1009e+04 3.3812e+04 5.0114e+04 3.4258e+04 4.9764e+04 3.9890e+04 4.2134e+04 3.8779e+04 4.3238e+04 4.5575e+04 3.7697e+04 4.4416e+04 3.4258e+04 4.9764e+04 3.6483e+04
29.7993 4.0428e+04 3.3344e+04 4.9383e+04 3.3784e+04 4.9039e+04 3.9329e+04 4.1532e+04 3.8231e+04 4.2625e+04 4.4927e+04 3.7165e+04 4.3777e+04 3.3784e+04 4.9039e+04 3.5980e+04
29.8997 3.9857e+04 3.2883e+04 4.8665e+04 3.3316e+04 4.8326e+04 3.8778e+04 4.0941e+04 3.7692e+04 4.2022e+04 4.4289e+04 3.6641e+04 4.3148e+04 3.3316e+04 4.8326e+04 3.5486e+04
30.0000 3.9295e+04 3.2430e+04 4.7959e+04 3.2856e+04 4.7625e+04 3.8235e+04 4.0359e+04 3.7162e+04 4.1428e+04 4.3662e+04 3.6126e+04 4.2530e+04 3.2856e+04 4.7625e+04 3.5000e+04

