pt central min max min_sc max_sc min_mass max_mass min_pdf max_pdf fr=.5.5 fr=22 fr=21 fr=12 fr=1.5 fr=.51
0.100 200682.385 81935.839 319927.985 92585.458 305461.703 164006.642 247232.487 167955.130 233406.501 157650.768 213472.599 276830.455 143470.109 305461.703 92585.458
0.201 394597.726 162377.655 626453.708 183369.300 597797.351 322533.108 485996.754 330411.252 458752.813 311720.277 418985.448 540421.862 282903.845 597797.351 183369.300
0.301 583014.060 241551.435 922182.293 272627.732 879495.934 476737.581 717852.736 488382.168 677677.339 462707.579 618261.693 793652.410 419079.609 879495.934 272627.732
0.401 766377.082 319457.179 1208086.739 360354.478 1151621.474 626924.513 943211.603 642178.609 890606.942 610634.645 811951.048 1037969.043 552160.611 1151621.474 360354.478
0.502 944498.471 395947.368 1484261.205 446323.550 1414393.679 773093.907 1161696.710 791643.641 1097353.301 755140.526 999959.351 1273873.951 681914.588 1414393.679 446323.550
0.602 1116907.420 470868.206 1749921.017 530409.400 1667122.035 914900.503 1372648.931 936432.005 1297382.836 895848.576 1181909.957 1500896.331 807964.896 1667122.035 530409.400
0.702 1283007.577 543999.983 2003936.241 612298.158 1908707.996 1051873.496 1575283.589 1076010.122 1489973.645 1032256.603 1357112.352 1718188.731 929934.890 1908707.996 612298.158
0.803 1442077.039 615154.378 2245365.267 691738.728 2138241.338 1183510.695 1768721.847 1209875.800 1674309.665 1163893.802 1524876.021 1924966.477 1047290.990 2138241.338 691738.728
0.903 1593582.227 684080.293 2473329.257 768480.013 2354968.772 1309309.907 1952241.805 1337495.459 1849668.995 1290320.754 1684573.223 2120570.440 1159625.166 2354968.772 768480.013
1.003 1736989.561 750558.020 2687169.084 842239.531 2558293.944 1428831.712 2125247.108 1458492.455 2015486.668 1411129.428 1835607.606 2304372.881 1266497.999 2558293.944 842239.531
1.104 1871985.172 814493.398 2886476.717 912985.894 2747808.824 1541856.403 2287392.499 1572647.078 2171354.653 1526100.115 1977696.685 2476028.542 1367689.780 2747808.824 912985.894
1.204 1998474.898 875760.878 3071220.769 980499.393 2923419.250 1648195.657 2438552.429 1679802.395 2317147.402 1635075.879 2110683.526 2635568.809 1463043.574 2923419.250 980499.393
1.304 2116207.643 934234.913 3241338.465 1044717.254 3085250.771 1747723.925 2578507.191 1779864.243 2452582.431 1737837.011 2234317.033 2782899.522 1552371.058 3085250.771 1044717.254
1.405 2225183.407 989852.728 3397018.128 1105482.542 3233491.708 1840347.047 2707225.396 1872738.461 2577628.354 1834320.738 2348503.044 2918209.004 1635515.297 3233491.708 1105482.542
1.505 2325370.803 1042488.775 3538573.628 1162763.869 3368142.062 1926065.023 2824769.819 1958487.824 2692253.783 1924432.897 2453210.172 3041622.801 1712382.131 3368142.062 1162763.869
1.605 2416989.540 1092205.829 3666318.835 1216529.850 3490551.474 2004972.013 2931485.717 2037269.266 2796709.815 2008267.651 2548658.126 3153768.655 1783065.720 3490551.474 1216529.850
1.706 2500259.328 1138909.727 3781509.231 1266780.483 3600719.945 2077193.567 3027655.573 2109302.497 2891216.159 2085919.161 2635066.617 3255148.758 1847628.838 3600719.945 1266780.483
1.806 2575242.940 1182569.084 3884144.815 1313515.769 3698961.345 2142792.457 3113467.710 2174618.904 2975898.363 2157387.425 2712498.417 3346171.141 1906008.711 3698961.345 1313515.769
1.906 2642160.085 1223183.900 3974225.588 1356672.933 3785903.415 2201831.458 3189235.997 2233312.648 3050976.135 2222703.832 2781110.462 3426835.805 1958393.663 3785903.415 1356672.933
2.007 2701167.699 1260722.786 4053007.030 1396314.751 3862173.895 2254498.892 3254834.888 2285634.825 3116731.961 2281993.930 2841185.235 3497456.620 2004815.078 3862173.895 1396314.751
2.107 2752579.653 1295279.905 4120489.142 1432472.608 3928086.655 2300951.695 3311331.539 2331773.757 3173542.483 2335414.653 2892879.671 3558661.326 2045461.280 3928086.655 1432472.608
2.207 2796709.815 1326823.869 4177613.535 1465209.279 3984269.437 2341472.349 3358725.953 2371980.541 3221564.637 2383154.323 2936476.254 3611077.665 2080426.431 3984269.437 1465209.279
2.308 2833746.509 1355448.839 4224694.078 1494587.538 4031349.980 2376186.403 3397645.869 2406380.725 3261112.293 2425307.103 2972320.241 3654705.635 2109961.625 4031349.980 1494587.538
2.408 2864066.379 1381123.429 4262358.512 1520607.385 4069642.155 2405344.953 3428091.287 2435256.791 3292813.192 2462029.927 3000788.276 3690172.977 2134223.798 4069642.155 1520607.385
2.508 2887857.747 1403941.799 4290920.709 1543425.755 4099145.963 2429136.321 3451003.818 2458797.063 3316981.205 2493511.117 3022194.230 3717479.692 2153526.821 4099145.963 1543425.755
2.609 2905497.257 1423935.336 4310694.537 1563074.035 4120803.012 2447842.990 3466383.462 2477189.862 3333930.200 2519938.995 3036820.585 3737253.520 2167964.854 4120803.012 1563074.035
2.709 2917236.006 1441198.202 4322621.608 1579614.999 4134613.305 2461684.670 3474544.089 2490686.284 3343660.179 2541407.723 3044855.665 3749808.332 2177726.220 4134613.305 1579614.999
2.809 2923356.476 1455793.170 4326701.921 1593174.195 4141518.451 2470849.682 3476113.441 2499537.426 3347112.752 2558168.396 3046707.499 3755144.127 2183062.015 4141518.451 1593174.195
2.910 2924203.926 1467783.015 4323563.218 1603845.785 4141832.322 2475651.897 3471091.516 2503994.384 3344287.920 2570377.950 3042784.121 3754202.516 2184286.109 4141832.322 1603845.785
3.010 2920092.225 1477293.285 4313519.369 1611723.929 4135241.046 2476311.025 3460106.056 2504276.868 3335813.422 2578256.095 3033430.786 3746983.499 2181586.824 4135241.046 1611723.929
3.110 2911335.244 1484355.366 4296884.244 1616934.176 4123000.104 2473015.387 3443784.801 2500573.198 3322003.129 2581991.151 3019055.527 3734114.817 2175278.032 4123000.104 1616934.176
3.211 2898215.466 1489000.647 4274285.583 1619539.300 4104795.628 2466016.079 3422127.751 2493103.085 3303170.912 2581740.055 3000034.988 3715596.470 2165548.053 4104795.628 1619539.300
3.311 2881015.374 1491417.448 4246351.128 1619727.622 4080941.486 2455532.812 3395762.647 2482117.625 3279944.511 2577722.515 2976745.812 3691742.329 2152679.371 4080941.486 1619727.622
3.411 2860048.839 1491731.318 4213080.877 1617656.078 4052379.290 2441785.293 3365003.359 2467805.140 3252323.925 2570221.015 2949501.871 3663494.003 2136891.695 4052379.290 1617656.078
3.512 2835629.731 1490036.419 4174788.702 1613481.603 4019109.039 2425024.620 3330163.757 2450448.113 3220936.896 2559392.490 2918679.809 3630537.622 2118436.122 4019109.039 1613481.603
3.612 2807977.758 1486426.910 4132102.343 1607235.584 3981130.734 2405439.114 3291557.711 2430234.867 3185783.424 2545488.036 2884593.496 3593814.799 2097500.974 3981130.734 1607235.584
3.712 2777375.405 1480934.180 4085335.670 1599012.183 3939699.856 2383248.485 3249812.963 2407385.110 3147491.249 2528633.202 2847556.802 3553325.532 2074305.960 3939699.856 1599012.183
3.813 2744105.155 1473715.164 4034802.553 1588999.721 3894188.664 2358672.441 3204929.512 2382149.939 3106091.758 2509047.696 2807820.823 3509069.821 2049070.789 3894188.664 1588999.721
3.913 2708418.103 1464895.409 3980816.864 1577260.972 3845224.899 2331930.692 3157535.098 2354717.675 3062149.918 2486951.228 2765730.818 3461989.278 2022015.170 3845224.899 1577260.972
4.013 2667705.760 1453011.553 3919491.062 1562309.576 3789060.834 2300745.329 3104302.136 2322786.784 3012624.735 2459926.644 2718561.007 3408743.846 1991130.305 3789060.834 1562309.576
4.114 2606961.053 1429791.360 3829137.340 1535294.032 3704723.812 2252133.673 3028100.844 2273283.973 2940669.237 2414026.776 2651283.372 3329617.027 1945329.915 3704723.812 1535294.032
4.214 2545435.901 1405645.653 3737588.803 1507377.926 3618793.154 2202625.601 2951285.034 2222836.290 2868004.656 2366841.300 2583481.364 3249446.684 1898971.582 3618793.154 1507377.926
4.314 2483259.495 1380619.180 3645162.786 1478666.345 3532208.044 2152415.362 2874101.269 2171669.707 2794879.894 2318572.093 2515339.866 3168548.874 1852212.881 3532208.044 1478666.345
4.415 2420737.581 1354940.070 3552253.451 1449296.328 3444443.759 2101681.629 2796796.010 2119963.723 2721511.439 2269469.953 2447128.179 3087001.482 1805220.158 3444443.759 1449296.328
4.515 2357998.511 1328635.733 3458827.659 1419414.894 3356689.804 2050560.554 2719518.311 2067884.822 2648112.200 2219675.534 2378968.407 3005263.272 1758066.661 3356689.804 1419414.894
4.615 2295301.782 1301834.812 3365860.712 1389120.010 3268412.169 1999309.306 2642649.041 2015660.334 2574943.229 2169395.873 2311114.751 2923516.069 1710999.123 3268412.169 1389120.010
4.716 2232843.091 1274660.475 3273029.387 1358502.937 3180497.205 1948069.367 2566344.499 1963491.397 2502224.442 2118779.381 2243757.143 2842072.609 1664185.375 3180497.205 1358502.937
4.816 2170754.705 1247173.922 3180905.554 1327682.318 3093217.316 1896949.653 2490728.498 1911427.040 2430082.371 2068000.569 2177081.206 2761090.758 1617642.016 3093217.316 1327682.318
4.916 2109186.393 1219492.905 3089533.846 1296745.849 3006032.931 1846100.119 2416008.460 1859676.317 2358725.665 2017189.406 2111171.729 2680758.913 1571568.965 3006032.931 1296745.849
5.017 2048232.250 1191673.482 2998882.701 1265747.507 2919797.020 1795592.605 2342297.728 1808252.108 2288241.361 1966452.441 2046204.412 2601223.671 1525977.059 2919797.020 1265747.507
5.117 1988042.360 1163828.161 2909498.542 1234855.339 2834562.139 1745555.404 2269707.804 1757311.824 2218772.895 1916009.132 1982264.755 2522715.175 1480992.821 2834562.139 1234855.339
5.217 1928722.670 1136093.008 2821464.967 1204175.304 2750387.848 1696096.275 2198399.297 1706991.724 2150453.616 1865974.010 1919510.026 2445400.839 1436716.133 2750387.848 1204175.304
5.318 1870386.001 1108488.002 2734823.244 1173696.509 2667435.460 1647307.248 2128446.401 1657382.868 2083389.134 1816413.509 1857961.290 2369355.604 1393180.869 2667435.460 1173696.509
5.418 1813030.655 1081033.149 2649699.536 1143493.342 2585807.028 1599250.536 2059922.540 1608490.376 2017599.019 1767365.065 1797724.538 2294709.953 1350420.813 2585807.028 1143493.342
5.518 1756808.034 1053772.682 2566193.298 1113580.573 2505660.801 1551967.400 1992890.348 1560439.720 1953176.348 1718877.680 1738860.092 2221531.513 1308555.414 2505660.801 1113580.573
5.619 1701712.185 1026724.576 2484394.694 1083973.791 2427034.853 1505543.738 1927445.564 1513232.280 1890219.746 1671040.987 1681384.565 2149887.806 1267558.473 2427034.853 1083973.791
5.719 1647820.838 999961.765 2404365.440 1054771.109 2350050.121 1459981.503 1863545.146 1466952.746 1828688.929 1623915.510 1625315.248 2079845.818 1227460.339 2350050.121 1054771.109
5.819 1595192.289 973550.490 2326219.948 1025982.706 2274741.045 1415370.217 1801325.801 1421662.083 1768695.259 1577542.380 1570733.001 2011463.228 1188318.294 2274741.045 1025982.706
5.920 1543791.000 947451.009 2249932.589 997621.310 2201167.921 1371709.028 1740714.840 1377358.593 1710223.407 1531978.273 1517597.561 1944774.973 1150132.540 2201167.921 997621.310
6.020 1493690.863 921732.653 2175533.727 969726.708 2129363.930 1328998.018 1681777.121 1334068.380 1653313.347 1487225.482 1465951.427 1879762.655 1112930.879 2129363.930 969726.708
6.120 1444863.982 896430.187 2103101.688 942332.695 2059329.226 1287320.397 1624506.802 1291793.495 1597934.468 1443319.698 1415762.218 1816477.268 1076685.396 2059329.226 942332.695
6.221 1397354.804 871529.964 2032609.771 915450.000 1991147.354 1246647.242 1568912.491 1250584.719 1544124.890 1400340.944 1367044.165 1754925.209 1041449.238 1991147.354 915450.000
6.321 1351128.725 847071.734 1964059.717 889063.369 1924743.377 1206977.553 1514951.181 1210439.699 1491817.750 1358262.844 1319785.811 1695087.689 1007169.760 1924743.377 889063.369
6.421 1306208.242 823086.915 1897444.821 863255.910 1860191.528 1168363.246 1462640.834 1171331.014 1441085.469 1317116.089 1273953.294 1636958.131 973896.369 1860191.528 863255.910
6.522 1262584.515 799586.903 1832765.635 838010.691 1797468.463 1130749.834 1411938.583 1133307.974 1391886.895 1276925.606 1229561.245 1580569.146 941576.627 1797468.463 838010.691
6.622 1220249.828 776557.593 1769998.332 813311.797 1736527.127 1094162.134 1362855.113 1096316.602 1344183.054 1237690.762 1186599.085 1525876.551 910211.575 1736527.127 813311.797
6.722 1179172.630 754053.350 1709133.280 789187.175 1677385.541 1058622.876 1315328.931 1060379.567 1297965.692 1199412.768 1145006.258 1472871.038 879822.259 1677385.541 789187.175
6.823 1139370.652 732033.766 1650171.814 765645.756 1620047.384 1024104.270 1269370.710 1025519.512 1253196.519 1162115.607 1104773.047 1421509.192 850332.808 1620047.384 765645.756
6.923 1100761.538 710510.240 1593041.124 742646.516 1564467.183 990580.020 1224891.355 991658.755 1209889.409 1125722.971 1065890.794 1371800.047 821795.580 1564467.183 742646.516
7.023 1063413.835 689459.545 1537730.125 720190.738 1510634.875 958046.187 1181930.648 958818.202 1167984.564 1090284.951 1028324.491 1323732.442 794154.792 1510634.875 720190.738
7.124 1027245.943 668942.281 1484241.954 698312.649 1458505.797 926501.623 1140425.696 926996.074 1127495.811 1055775.745 992041.057 1277240.190 767387.405 1458505.797 698312.649
7.224 992252.953 648919.540 1432482.521 677021.388 1408062.138 895945.832 1100316.218 896166.720 1088339.186 1022244.620 957009.063 1232309.005 741520.653 1408062.138 677021.388
7.324 958402.763 629465.017 1382464.432 656340.449 1359268.230 866324.560 1061616.118 866300.194 1050505.332 989712.763 923218.607 1188902.843 716499.508 1359268.230 656340.449
7.425 925690.665 610539.282 1334144.082 636253.584 1312106.708 837637.930 1024266.186 837396.027 1013985.304 958154.064 890590.523 1147007.829 692302.536 1312106.708 636253.584
7.525 894064.686 592176.457 1287432.013 616793.437 1266513.584 809886.624 988209.623 809406.292 978699.063 927591.811 859144.600 1106539.241 668909.384 1266513.584 616793.437
7.625 863517.254 574350.806 1242364.168 597909.514 1222477.566 782993.209 953436.168 782349.398 944661.265 897996.901 828799.158 1067486.067 646314.552 1222477.566 597909.514
7.726 833991.866 557044.160 1198820.396 579606.235 1179927.913 757001.445 919907.683 756172.827 911810.904 869314.654 799568.719 1029829.738 624493.639 1179927.913 579606.235
7.826 805504.771 540207.930 1156836.207 561810.606 1138853.566 731858.218 887566.730 730870.935 880115.100 841493.559 771396.520 993488.010 603417.500 1138853.566 561810.606
7.926 777983.641 523829.559 1116303.360 544509.191 1099218.155 707542.184 856407.529 706421.843 849545.438 814464.753 744233.360 958451.945 583067.603 1099218.155 544509.191
8.027 751405.061 507873.990 1077210.143 527666.104 1060940.747 684009.900 826378.702 682781.584 820051.715 788208.196 718055.117 924667.175 563403.153 1060940.747 527666.104
8.127 725785.043 492294.807 1039498.712 511257.547 1024010.940 661279.510 797424.615 659944.754 791625.331 762697.948 692830.379 892100.234 544442.341 1024010.940 511257.547
8.227 701054.458 477127.454 1003135.392 495294.815 988395.835 639331.135 769541.980 637868.606 764217.458 737937.628 668536.025 860698.713 526145.050 988395.835 495294.815
8.328 677169.273 462384.006 968065.454 479743.829 954041.439 618100.488 742660.059 616557.393 737781.154 713885.867 645127.351 830434.957 508472.635 954041.439 479743.829
8.428 654145.789 448040.739 934255.758 464671.565 920915.042 597605.491 716770.536 595982.971 712308.607 690584.874 622574.263 801276.761 491443.137 920915.042 464671.565
8.528 631918.344 434131.953 901675.886 450043.485 888964.563 577805.706 691827.166 576104.895 687754.171 668015.815 600856.168 773175.155 474996.170 888964.563 450043.485
8.629 610490.185 420646.828 870274.661 435892.970 858139.977 558662.193 667785.452 556928.667 664073.928 646183.047 579931.227 746105.282 459117.778 858139.977 435892.970
8.729 589832.850 407583.483 839998.083 422173.144 828432.300 540192.687 644637.885 538404.846 641260.853 625082.001 559792.716 720014.123 443825.878 828432.300 422173.144
8.829 569905.839 394931.287 810841.106 408916.975 799814.772 522358.883 622363.131 520517.507 619294.171 604694.691 540399.983 694900.188 429062.504 799814.772 408916.975
8.930 550670.142 382680.152 782712.302 396069.712 772196.599 505145.638 600875.548 503251.505 598110.549 584982.249 521713.858 670697.204 414815.095 772196.599 396069.712
9.030 532142.221 370806.404 755646.711 383650.993 745613.227 488526.842 580212.120 486602.316 577682.126 565940.355 503728.434 647375.911 401079.845 745613.227 383650.993
9.130 514283.719 359343.534 729554.787 371650.260 719975.730 472488.100 560288.970 470533.628 558033.811 547552.689 486405.654 624936.871 387822.974 719975.730 371650.260
9.231 497036.325 348239.022 704413.900 360036.142 695262.066 456994.384 541088.860 455010.420 539083.563 529803.731 469708.821 603317.066 375033.203 695262.066 360036.142
9.331 480438.014 337533.504 680194.957 348848.896 671464.729 442041.962 522627.053 440050.114 520804.724 512689.003 453654.013 582509.638 362707.074 671464.729 348848.896
9.431 464410.323 327175.221 656876.241 338015.110 648541.102 427617.845 504844.163 425618.254 503223.441 496172.251 438205.154 562453.438 350833.542 648541.102 338015.110
9.532 448981.728 317155.808 634395.249 327568.070 626429.242 413688.762 487703.632 411681.579 486281.877 480239.420 423306.513 543152.060 339360.269 626429.242 327568.070
9.632 434085.000 307473.413 612745.247 317484.369 605143.567 400230.524 471200.306 398236.641 469933.359 464865.573 408974.533 524557.452 328305.339 605143.567 317484.369
9.732 419728.126 298099.197 591906.822 307693.337 584623.529 387273.113 455298.656 385251.122 454205.131 449996.089 395154.750 506673.725 317638.230 584623.529 307693.337
9.833 405878.174 289025.761 571799.990 298249.334 564831.069 374743.493 439984.894 372734.804 439042.040 435639.567 381855.892 489423.242 307349.925 564831.069 298249.334
9.933 392551.744 280251.564 552439.507 289088.967 545780.911 362659.330 425233.845 360643.425 424439.701 421751.827 369053.211 472821.429 297417.303 545780.911 289088.967
10.033 379675.976 271749.115 533787.846 280245.700 527435.638 350989.886 411012.191 348987.120 410344.602 408341.836 356714.966 456833.061 287831.937 527435.638 280245.700
10.134 367260.544 263511.903 515828.921 271692.007 509739.064 339745.649 397327.954 337735.795 396765.195 395398.494 344810.480 441424.141 278605.903 509739.064 271692.007
10.234 355282.045 255558.656 498517.100 263406.332 492686.257 328883.503 384136.730 326886.639 383697.420 382878.706 333376.447 426590.059 269696.453 492686.257 263406.332
10.334 343750.110 247842.917 481837.422 255382.167 476242.506 318394.423 371427.093 316410.410 371089.811 370792.209 322342.609 412297.763 261096.125 476242.506 255382.167
10.435 332615.217 240378.709 465755.925 247633.044 460413.738 308250.112 359168.449 306298.538 358931.895 359089.598 311699.864 398535.046 252797.815 460413.738 247633.044
10.535 321874.632 233164.707 450268.000 240137.710 445136.183 298487.648 347377.022 296548.526 347220.325 347807.938 301464.886 385278.039 244779.850 445136.183 240137.710
10.636 311517.246 226174.054 435357.320 232888.627 430433.300 289057.487 336001.108 287130.696 335923.257 336915.846 291607.078 372493.350 237053.608 430433.300 232888.627
10.736 301540.282 219405.753 420980.558 225865.120 416261.739 279938.147 325037.681 278042.883 325037.681 326372.101 282084.823 360177.412 229597.629 416261.739 225865.120
10.836 291896.591 212873.694 407106.286 219080.988 402590.143 271160.767 314477.307 269277.439 314534.959 316206.893 272928.789 348319.554 222405.639 402590.143 219080.988
10.937 282597.685 206534.259 393761.431 212511.625 389426.408 262660.397 304291.898 260807.986 304406.480 306354.376 264092.673 336890.509 215471.663 389426.408 212511.625
11.037 273641.101 200405.716 380884.728 206155.994 376709.609 254473.509 294459.763 252632.661 294649.541 296869.945 255593.200 325887.023 208755.955 376709.609 206155.994
11.137 265000.199 194483.101 368465.510 200009.046 364486.075 246555.235 285010.533 244744.686 285236.852 287688.637 247385.069 315261.784 202291.092 364486.075 200009.046
11.238 256649.168 188742.943 356512.366 194065.982 352670.032 238918.203 275879.581 237118.866 276160.728 278803.504 239480.495 305043.834 196052.750 352670.032 194065.982
11.338 248604.830 183184.467 344984.374 188325.703 341296.096 231541.888 267083.475 229772.260 267418.773 270250.178 231858.559 295192.623 190020.821 341296.096 188325.703
11.438 240823.236 177808.934 333871.944 182752.031 330335.871 224420.301 258596.169 222680.034 258984.952 261965.621 224494.355 285681.378 184197.933 330335.871 182752.031
11.539 233316.867 172604.801 323147.541 177366.820 319761.871 217547.738 250410.824 215818.102 250834.033 253962.098 217418.936 276539.369 178577.565 319761.871 177366.820
11.639 226083.864 167569.439 312826.768 172158.053 309553.105 210904.314 242525.330 209203.472 242982.545 246219.630 210575.119 267708.753 173151.125 309553.105 172158.053
11.739 219099.918 162697.095 302864.328 167117.995 299719.527 204484.774 234914.813 202812.394 235405.620 238750.380 203993.967 259200.675 167908.739 299719.527 167117.995
11.839 212359.513 157980.444 293234.283 162242.812 290234.906 198284.123 227573.221 196621.817 228097.208 231530.230 197615.587 250990.044 162844.495 290234.906 162242.812
11.940 205843.122 153416.975 283970.474 157526.294 281078.864 192301.047 220480.775 190666.659 221019.584 224557.766 191474.873 243074.846 157950.157 281078.864 157526.294
12.040 199563.517 149001.356 275011.310 152964.775 272226.204 186512.799 213631.870 184888.154 214203.174 217809.529 185548.724 235430.677 153220.077 272226.204 152964.775
12.140 193480.053 144726.700 266385.581 148549.449 263688.005 180915.031 207038.920 179317.782 207624.577 211298.249 179832.451 228051.613 148648.833 263688.005 148549.449
12.241 187609.402 140544.741 258037.908 144230.241 255462.116 175501.415 200647.144 173936.533 201264.628 205004.820 174308.788 220918.275 144230.241 255462.116 144277.876
12.341 181929.289 136414.520 249997.116 139959.098 247506.615 170269.538 194504.561 168731.391 195135.955 198906.783 168973.426 214060.250 139959.098 247506.615 140143.255
12.441 176452.946 132416.428 242221.771 135828.666 239833.031 165213.661 188553.573 163696.723 189198.707 193017.205 163822.263 207419.392 135828.666 239833.031 136142.515
12.542 171151.315 128553.300 234727.647 131836.471 232422.147 160324.131 182810.558 158831.623 183469.272 187317.551 158847.225 201011.875 131836.471 232422.147 132269.835
12.642 166032.521 124815.218 227491.388 127975.970 225268.176 155597.216 177270.941 154128.862 177925.840 181820.768 154044.415 194832.586 127975.970 225268.176 128520.570
12.742 161084.047 121199.425 220490.322 124242.561 218348.475 151024.219 171896.092 149579.757 172581.483 176488.212 149401.555 188859.522 124242.561 218348.475 124890.256
12.843 156303.252 117701.906 213740.174 120632.187 211678.755 146604.361 166729.602 145183.516 167422.988 171336.277 144919.450 183108.512 120632.187 211678.755 121376.683
12.943 151681.357 114316.627 207218.579 117140.410 205236.680 142329.164 161729.756 140931.671 162431.043 166360.963 140589.497 177540.908 117140.410 205236.680 117975.518
13.043 147213.247 111042.813 200920.657 113762.964 199017.394 138192.113 156899.681 136819.405 157607.089 161541.623 136405.066 172152.740 113762.964 199017.394 114679.225
13.144 142893.071 107874.890 194845.052 110495.936 193002.783 134192.537 152233.374 132840.982 152946.834 156879.241 132361.992 166968.175 110495.936 193002.783 111487.411
13.244 138717.577 104808.836 188970.328 107336.879 187188.375 130324.077 147722.271 128995.106 148441.714 152368.673 128455.524 161952.917 107336.879 187188.375 108397.724
13.345 134680.361 101842.438 183292.211 104278.496 181569.913 126578.938 143364.715 125273.966 144085.099 148003.326 124679.442 157106.663 104278.496 181569.913 105401.301
13.445 130775.764 98970.295 177809.587 101320.339 176146.276 122958.203 139151.605 121673.666 139876.216 143779.233 121029.750 152426.803 101320.339 176146.276 102501.125
13.545 126998.554 96191.423 172517.315 98456.388 170912.350 119453.583 135079.059 118190.901 135806.206 139690.876 117501.422 147904.036 98456.388 170912.350 99689.590
13.646 123346.475 93500.514 167397.973 95686.232 165850.706 116062.920 131143.070 114821.849 131871.100 135734.381 114092.191 143535.862 95686.232 165850.706 96966.391
13.746 119815.196 90897.247 162447.830 93006.202 160956.012 112782.107 127337.459 111562.412 128066.360 131903.621 110796.256 139312.499 93006.202 160956.012 94327.943
13.846 116397.331 88374.916 157663.337 90411.152 156224.762 109607.191 123659.478 108407.036 124386.015 128195.903 107608.007 135232.518 90411.152 156224.762 91769.180
13.947 113090.757 85933.209 153041.992 87899.127 151654.474 106532.890 120100.448 105353.660 120827.854 124604.275 104526.917 131288.717 87899.127 151654.474 89289.850
14.047 109893.073 83568.774 148577.156 85466.724 147235.364 103558.604 116660.995 102400.074 117387.666 121129.385 101545.916 127476.602 85466.724 147235.364 86886.601
14.147 106798.825 81279.961 144257.665 83112.247 142962.702 100679.053 113332.289 99539.422 114058.229 117762.427 98662.904 123790.268 83112.247 142962.702 84556.203
14.248 103804.391 79063.310 140084.375 80832.219 138832.580 97890.685 110115.393 96771.322 110837.461 114501.405 95875.831 120227.501 80832.219 138832.580 82296.851
14.348 100906.064 76915.685 136049.508 78625.027 134838.855 95191.530 107001.672 94090.651 107723.045 111344.028 93177.956 116784.126 78625.027 134838.855 80106.979
14.448 98101.832 74834.060 132147.094 76486.015 130977.154 92578.154 103990.531 91495.569 104706.535 108284.992 90568.977 113453.008 76486.015 130977.154 77981.979
14.549 95385.071 72818.208 128370.275 74414.942 127239.061 90045.555 101073.727 88982.618 101787.524 105320.822 88042.267 110228.956 74414.942 127239.061 75921.675
14.649 92753.906 70863.626 124717.945 72407.261 123623.508 87591.993 98250.789 86546.952 98962.404 102447.931 85597.617 107109.707 72407.261 123623.508 73923.110
14.749 90205.019 68967.482 121179.883 70460.098 120121.845 85214.275 95518.243 84185.414 96224.625 99662.864 83228.726 104091.574 70460.098 120121.845 71983.427
14.850 87736.563 67131.128 117758.658 68573.264 116733.581 82909.074 92871.117 81899.273 93572.326 96965.317 80935.303 101169.511 68573.264 116733.581 70102.478
14.950 85343.796 65348.729 114445.767 66743.946 113454.829 80674.835 90307.606 79682.377 91005.215 94348.871 78712.717 98339.981 66743.946 113454.829 68275.949
15.050 83025.145 63620.656 111237.484 64970.941 110278.827 78510.082 87824.478 77533.280 88517.010 91811.826 76561.014 95601.092 64970.941 110278.827 66504.187
15.150 80778.835 61945.233 108131.862 63251.054 107203.646 76410.053 85419.913 75450.245 86105.920 89353.923 74476.897 92949.442 63251.054 107203.646 64785.543
15.251 78601.848 60319.842 105125.276 61583.148 104227.191 74374.864 83089.277 73431.875 83770.324 86969.002 72457.454 90380.226 61583.148 104227.191 63115.879
15.351 76491.271 58743.438 102212.747 59966.142 101343.004 72400.200 80831.053 71473.863 81507.190 84657.032 70499.869 87893.253 59966.142 101343.004 61495.640
15.451 74445.399 57214.397 99392.418 58396.917 98550.724 70485.885 78643.493 69576.026 79314.773 82414.812 68602.448 85483.733 58396.917 98550.724 59923.227
15.552 72461.404 55730.241 96660.915 56875.928 95845.516 68629.176 76523.655 67735.629 77188.655 80239.397 66763.932 83150.062 56875.928 95845.516 58397.614
15.652 70538.020 54290.037 94014.991 55399.255 93224.160 66828.891 74470.167 65950.026 75127.481 78129.411 64983.129 80889.250 55399.255 93224.160 56914.892
15.752 68673.590 52892.213 91451.391 53966.789 90684.880 65081.936 72478.407 64217.603 73129.577 76083.201 63255.449 78698.100 53966.789 90684.880 55474.992
15.853 66865.439 51535.874 88966.978 52577.604 88224.545 63388.645 70547.091 62538.698 71192.180 74097.983 61581.235 76576.633 52577.604 88224.545 54078.451
15.953 65112.426 50220.167 86560.170 51227.925 85840.137 61743.595 68675.001 60909.339 69314.067 72171.067 59957.969 74519.128 51227.925 85840.137 52720.042
16.053 63411.503 48942.111 84227.800 49919.112 83529.942 60148.120 66860.501 59327.957 67493.609 70300.867 58382.612 72525.377 49919.112 83529.942 51402.599
16.154 61761.590 47702.344 81966.924 48648.887 81289.594 58601.195 65100.983 57794.987 65726.761 68487.632 56857.035 70592.652 48648.887 81289.594 50122.401
16.254 60160.238 46498.663 79774.701 47415.041 79117.703 57098.996 63395.349 56306.608 64013.868 66725.945 55375.979 68718.317 47415.041 79117.703 48877.254
16.355 58607.320 45329.576 77649.486 46218.919 77014.038 55641.423 61740.590 54861.297 62351.925 65017.119 53939.330 66902.187 46218.919 77014.038 47668.535
16.455 57100.438 44194.358 75591.341 45056.928 74973.001 54226.146 60134.256 53459.574 60739.890 63358.658 52546.182 65141.680 45056.928 74973.001 46494.074
16.555 55637.268 43092.326 73593.341 43928.374 72994.758 52852.313 58576.786 52099.167 59175.369 61748.150 51194.268 63432.893 43928.374 72994.758 45353.169
16.655 54217.709 42020.613 71656.718 42831.794 71074.905 51518.432 57066.635 50778.578 57658.238 60184.091 49883.481 61777.084 42831.794 71074.905 44244.369
16.756 52840.634 40981.178 69778.538 41767.725 69214.730 50223.452 55599.813 49496.766 56184.502 58666.649 48609.987 60170.137 41767.725 69214.730 43166.804
16.856 51503.162 39971.176 67957.236 40734.710 67409.875 48965.904 54177.607 48250.871 54755.454 57191.555 47375.094 58611.921 40734.710 67409.875 42120.433
16.956 50205.866 38990.000 66190.304 39730.735 65659.237 47745.024 52797.751 47042.912 53368.821 55760.693 46176.652 57100.086 39730.735 65659.237 41101.855
17.057 48945.216 38035.699 64476.688 38755.219 63960.391 46558.716 51458.044 45868.032 52022.400 54370.452 45012.572 55633.732 38755.219 63960.391 40111.871
17.157 47721.144 37109.611 62813.498 37806.749 62311.832 45406.920 50157.026 44728.919 50714.737 53019.393 43882.785 54209.995 37806.749 62311.832 39150.448
17.258 46534.278 36209.809 61199.734 36887.492 60712.564 44288.941 48895.285 43622.144 49445.052 51708.080 42786.606 52829.388 36887.492 60712.564 38214.283
17.358 45379.838 35335.771 59634.447 35992.821 59161.642 43201.411 47669.354 42545.715 48212.606 50433.031 41722.031 51489.730 35992.821 59161.642 37305.568
17.458 44259.129 34484.761 58116.155 35124.067 57656.232 42145.643 46479.167 41500.942 47017.317 49195.543 40687.648 50188.221 35124.067 57656.232 36420.212
17.558 43170.142 33658.987 56641.257 34279.367 56194.099 41119.664 45324.016 40485.856 45854.428 47992.189 39684.196 48926.788 34279.367 56194.099 35560.412
17.659 42113.595 32855.289 55210.255 33458.249 54775.749 40122.892 44201.895 39499.878 44725.975 46822.296 38709.747 47700.665 33458.249 54775.749 34724.330
17.759 41085.424 32074.984 53820.374 32659.351 53398.405 39155.281 43112.740 38541.628 43629.219 45687.151 37761.584 46509.791 32659.351 53398.405 33910.616
17.860 40087.707 31314.959 52472.139 31883.551 52061.268 38213.607 42054.584 37610.555 42564.858 44582.100 36841.830 45354.802 31883.551 52061.268 33118.813
17.960 39117.227 30576.129 51162.128 31129.083 50762.259 37297.361 41025.513 36704.815 41529.638 43509.188 35947.308 44232.384 31129.083 50762.259 32348.486
18.060 38173.954 29858.471 49888.956 30394.615 49501.303 36407.834 40025.490 35825.698 40523.525 42465.732 35077.987 43142.482 30394.615 49501.303 31598.310
18.160 37257.355 29158.954 48654.522 29681.051 48276.361 35541.891 39055.254 34970.070 39545.948 41449.837 34233.376 42083.159 29681.051 48276.361 30867.875
18.261 36366.920 28479.820 47454.205 28986.689 47086.757 34700.374 38110.343 34137.475 38595.062 40463.573 33411.701 41053.835 28986.689 47086.757 30158.093
18.361 35500.016 27818.445 46287.952 28311.519 45931.122 33881.955 37193.335 33327.896 37672.136 39502.997 32614.237 40054.461 28311.519 45931.122 29466.350
18.462 34657.468 27174.473 45155.110 27653.871 44807.515 33086.181 36301.116 32540.882 36774.053 38570.178 31837.938 39083.172 27653.871 44807.515 28793.570
18.562 33837.529 26547.565 44055.060 27014.689 43716.621 32311.334 35434.501 31776.007 35900.338 37660.739 31083.686 38138.157 27014.689 43716.621 28138.103
18.662 33041.466 25937.717 42985.176 26391.393 42655.812 31557.406 34590.885 31030.681 35050.969 36778.527 30348.885 37220.669 26391.393 42655.812 27501.234
18.762 32266.273 25344.596 41944.878 25786.215 41624.513 30825.267 33771.096 30307.067 34225.479 35919.203 29635.704 36327.637 25786.215 41624.513 26880.052
18.863 31511.552 24767.884 40934.890 25196.275 40622.177 30111.971 32974.693 29602.223 33422.152 35082.327 28941.204 35461.142 25196.275 40622.177 26274.245
18.963 30778.560 24205.039 39952.621 24622.848 39648.761 29417.517 32199.109 28916.147 32640.973 34267.894 28266.644 34617.334 24622.848 39648.761 25685.094
19.064 30064.367 23658.302 38997.548 24064.356 38701.204 28741.540 31443.940 28248.474 31880.259 33476.731 27609.129 33798.295 24064.356 38701.204 25112.277
19.164 29369.871 23124.864 38069.171 23520.515 37780.283 28084.947 30710.061 27598.861 31140.881 32705.901 26969.588 32999.813 23520.515 37780.283 24552.976
19.264 28693.805 22605.989 37166.203 22991.326 36885.958 27443.964 29997.443 26967.297 30421.563 31955.403 26348.007 32224.388 22991.326 36885.958 24008.464
19.364 28035.816 22100.154 36288.168 22475.261 36015.250 26822.015 29301.958 26352.196 29720.682 31224.848 25742.803 31470.350 22475.261 36015.250 23478.454
19.465 27395.570 21608.350 35434.616 21973.310 35167.724 26215.037 28626.999 25753.251 29039.130 30513.866 25153.674 30736.069 21973.310 35167.724 22960.191
19.565 26773.057 21128.098 34604.278 21484.232 34344.598 25624.280 27968.824 25169.221 28375.657 29822.448 24580.612 30022.773 21484.232 34344.598 22457.415
19.666 26166.617 20661.551 33795.365 21007.697 33542.839 25049.344 27329.469 24602.188 27731.047 29147.656 24023.226 29327.503 21007.697 33542.839 21966.064
19.766 25575.024 20206.245 33010.323 20543.711 32762.439 24488.997 26706.456 24048.450 27101.598 28491.958 23480.280 28652.715 20543.711 32762.439 21488.616
19.866 25000.434 19763.180 32245.059 20092.036 32004.224 23944.181 26099.476 23510.188 26490.680 27852.562 22951.499 27994.374 20092.036 32004.224 21022.370
19.967 24440.114 19330.916 31500.429 19651.230 31266.587 23412.184 25509.452 22985.910 25894.317 27230.381 22436.626 27354.610 19651.230 31266.587 20568.328
20.067 23895.283 18910.678 30776.416 19222.519 30548.298 22894.236 24933.944 22475.617 25314.949 26624.196 21934.445 26732.188 19222.519 30548.298 20125.281
20.167 23363.243 18499.829 30071.441 18804.473 29849.003 22391.285 24375.094 21977.841 24749.853 26032.499 21445.924 26125.584 18804.473 29849.003 19693.016
20.268 22846.161 18100.596 29385.164 18396.893 29168.362 21899.457 23830.203 21493.555 24199.972 25457.426 20970.820 25534.512 18396.893 29168.362 19272.534
20.368 22342.827 17710.572 28717.577 17999.788 28505.165 21421.176 23299.279 21021.554 23664.099 24896.567 20507.926 24960.171 17999.788 28505.165 18861.436
20.468 21851.794 17330.774 28067.149 17612.964 27860.290 20955.003 22782.064 20561.611 23141.976 24350.850 20057.017 24399.874 17612.964 27860.290 18461.926
20.569 21372.837 16961.018 27434.768 17236.235 27232.227 20499.528 22278.314 20112.317 22633.356 23818.816 19616.687 23855.750 17236.235 27232.227 18071.419
20.669 20907.152 16600.120 26818.044 16868.419 26620.974 20057.142 21788.028 19676.063 22138.242 23300.476 19188.138 23325.406 16868.419 26620.974 17691.124
20.769 20453.323 16247.912 26217.872 16509.345 26025.050 19625.253 21309.784 19250.256 21655.207 22794.395 18771.159 22807.407 16509.345 26025.050 17319.671
20.870 20009.960 15904.235 25632.788 16160.032 25445.361 19204.847 20844.544 18834.707 21185.214 22301.528 18364.369 22303.886 16160.032 25445.361 16956.894
20.970 19578.255 15570.275 25063.972 15818.130 24880.723 18794.749 20391.128 18430.601 20725.909 21821.878 17967.780 21813.655 15818.130 24880.723 16603.986
21.070 19158.000 15243.521 24508.801 15485.835 24329.700 18394.770 19949.324 18036.567 20279.432 21352.870 17582.375 21336.482 15485.835 24329.700 16259.600
21.171 18747.831 14925.005 23969.366 15161.817 23794.382 18004.730 19517.762 17652.429 19844.400 20896.640 17205.635 20869.809 15161.817 23794.382 15922.416
21.271 18348.923 14614.732 23442.165 14846.085 23272.429 17624.639 19097.622 17277.029 19419.655 20452.022 16838.738 20417.145 14846.085 23272.429 15594.783
21.371 17958.765 14311.398 22929.288 14537.331 22762.446 17253.160 18688.702 16911.364 19006.167 20017.651 16480.354 19974.782 14537.331 22762.446 15274.220
21.472 17579.505 14016.030 22429.343 14236.582 22267.681 16891.290 18289.660 16555.266 18602.590 19594.497 16131.483 19543.690 14236.582 22267.681 14961.748
21.572 17208.838 13727.480 21942.332 13942.692 21783.513 16539.036 17900.506 16207.588 18208.936 19181.415 15792.127 19123.872 13942.692 21783.513 14657.377
21.672 16847.750 13446.771 21468.034 13656.680 21313.184 16195.083 17521.063 15868.176 17826.177 18779.368 15459.829 18715.134 13656.680 21313.184 14359.816
21.773 16494.937 13171.484 21005.093 13377.271 20853.040 15859.285 17151.168 15538.030 17451.845 18387.031 15136.746 18315.005 13377.271 20853.040 14068.942
21.873 16151.554 12903.923 20554.659 13104.478 20406.521 15531.655 16790.825 15214.869 17087.100 18003.274 14821.735 17926.926 13104.478 20406.521 13785.911
21.973 15816.305 12642.822 20115.387 12838.183 19970.002 15212.048 16438.735 14900.834 16730.641 17630.211 14513.519 17547.296 12838.183 19970.002 13509.453
22.074 15489.049 12386.937 19685.958 12578.272 19544.438 14900.327 16095.886 14593.513 16384.586 17265.405 14213.108 17177.097 12578.272 19544.438 13238.320
22.174 15169.798 12137.418 19268.646 12324.756 19129.835 14595.373 15761.152 14294.053 16045.543 16910.003 13920.507 16816.334 12324.756 19129.835 12974.793
22.274 14858.412 11894.155 18861.004 12076.397 18726.010 14299.310 15434.390 14001.196 15714.504 16562.720 13634.461 16464.849 12076.397 18726.010 12716.497
22.375 14554.761 11657.041 18463.990 11835.345 18331.664 14008.635 15116.586 13715.947 15392.453 16223.416 13355.975 16121.368 11835.345 18331.664 12465.577
22.475 14257.732 11424.967 18076.488 11599.359 17946.812 13725.611 14805.505 13437.192 15078.273 15893.224 13083.934 15787.023 11599.359 17946.812 12218.678
22.575 13968.280 11197.804 17698.281 11368.312 17571.235 13450.069 14502.092 13165.889 14770.670 15570.832 12818.187 15460.503 11368.312 17571.235 11979.020
22.676 13685.297 10977.013 17329.377 11143.329 17206.056 13179.792 14206.356 12899.820 14470.774 15255.140 12558.743 15141.818 11143.329 17206.056 11744.380
22.776 13409.778 10760.940 16970.730 10923.315 16848.893 12916.894 13917.062 12641.100 14178.456 14948.242 12305.496 14830.836 10923.315 16848.893 11514.665
22.876 13140.500 10549.724 16619.972 10708.514 16500.714 12659.050 13635.201 12388.510 13893.594 14647.793 12058.341 14527.430 10708.514 16500.714 11290.892
22.977 12877.476 10343.596 16277.121 10498.826 16161.524 12408.484 13359.680 12140.960 13613.993 14353.812 11817.289 14231.609 10498.826 16161.524 11071.965
23.077 12620.599 10142.141 15943.138 10293.944 15830.082 12162.886 13091.484 11899.454 13341.745 14068.379 11582.237 13943.249 10293.944 15830.082 10858.347
23.177 12370.862 9945.280 15616.791 10093.678 15506.259 11923.261 12829.407 11663.894 13076.737 13788.084 11351.995 13661.136 10093.678 15506.259 10649.404
23.278 12124.993 9752.916 15299.183 9898.149 15191.158 11689.619 12572.369 11434.287 12816.790 13515.133 11127.671 13385.285 9898.149 15191.158 10445.149
23.378 11886.173 9565.079 14989.090 9707.060 14882.468 11460.774 12322.453 11209.450 12563.985 13248.324 10908.080 13116.678 9707.060 14882.468 10245.610
23.478 11653.215 9381.370 14685.307 9520.336 14582.249 11237.726 12078.467 10989.301 12316.045 12987.553 10693.902 12855.204 9520.336 14582.249 10050.491
23.579 11425.044 9202.017 14390.017 9337.880 14288.336 11019.402 11840.421 10775.367 12074.071 12733.915 10484.711 12598.701 9337.880 14288.336 9859.806
23.679 11201.575 9026.517 14100.933 9159.512 14001.699 10806.796 11607.140 10565.938 11837.967 12485.145 10280.317 12348.159 9159.512 14001.699 9673.372
23.779 10983.804 8855.020 13819.029 8985.165 13722.226 10598.317 11379.617 10361.152 11607.640 12242.231 10080.641 12104.557 8985.165 13722.226 9491.009
23.880 10771.738 8687.428 13544.310 8814.741 13448.852 10394.839 11157.860 10161.128 11382.025 12005.184 9885.587 11865.751 8814.741 13448.852 9312.839
23.980 10563.682 8523.570 13275.596 8648.176 13181.473 10195.961 10940.708 9965.681 11162.111 11772.840 9694.971 11632.725 8648.176 13181.473 9138.577
24.080 10360.528 8363.385 13012.791 8485.299 12921.061 10001.503 10728.086 9774.632 10946.743 11546.185 9508.617 11405.391 8485.299 12921.061 8968.159
24.181 10162.071 8206.775 12755.907 8326.122 12666.556 9811.475 10520.857 9587.885 10735.938 11325.228 9326.640 11182.692 8326.122 12666.556 8801.490
24.281 9968.129 8053.576 12505.909 8170.478 12417.862 9625.805 10318.303 9405.369 10530.784 11108.820 9148.758 10965.610 8170.478 12417.862 8638.508
24.381 9778.421 7903.839 12261.641 8018.203 12174.889 9444.108 10120.350 9227.017 10329.930 10896.885 8974.908 10753.004 8018.203 12174.889 8479.046
24.482 9593.167 7757.361 12022.057 7869.415 11937.648 9266.607 9926.902 9052.628 10133.601 10689.439 8804.886 10545.942 7869.415 11937.648 8323.117
24.582 9411.983 7614.088 11789.182 7723.845 11706.049 9093.024 9737.888 8882.138 9941.828 10487.668 8638.841 10343.290 7723.845 11706.049 8170.557
24.682 9234.805 7473.970 11560.823 7581.444 11480.008 8923.297 9553.029 8715.381 9754.228 10289.920 8476.398 10145.292 7581.444 11480.008 8021.312
24.783 9061.642 7336.911 11338.044 7442.220 11258.486 8757.333 9372.441 8552.471 9570.812 10096.627 8317.566 9951.748 7442.220 11258.486 7875.287
24.883 8892.327 7202.861 11119.715 7306.018 11042.452 8594.966 9195.848 8393.036 9391.513 9907.614 8162.289 9762.588 7306.018 11042.452 7732.431
24.983 8726.696 7071.773 10906.808 7172.687 10830.785 8436.244 9023.189 8237.124 9216.269 9722.816 8010.511 9577.746 7172.687 10830.785 7592.692
25.084 8564.761 6943.345 10699.329 7042.340 10624.537 8280.969 8854.370 8084.745 9044.776 9542.035 7862.033 9397.023 7042.340 10624.537 7455.874
25.184 8406.462 6817.842 10496.161 6914.826 10422.595 8129.085 8689.330 7935.637 8877.183 9365.311 7716.803 9220.251 6914.826 10422.595 7322.031
25.284 8251.538 6695.015 10296.827 6789.998 10224.788 7980.439 8527.806 7789.852 8713.224 9192.377 7574.874 9047.474 6789.998 10224.788 7191.015
25.385 8100.000 6574.768 10102.474 6667.762 10031.851 7835.141 8370.014 7647.194 8552.910 9023.243 7435.946 8878.597 6667.762 10031.851 7062.834
25.485 7951.795 6457.060 9912.516 6548.283 9843.199 7692.937 8215.590 7507.612 8395.978 8857.748 7300.073 8713.355 6548.283 9843.199 6937.239
25.585 7806.771 6341.956 9726.685 6431.314 9658.769 7553.675 8064.585 7371.061 8242.583 8695.836 7167.107 8551.899 6431.314 9658.769 6814.394
25.686 7664.935 6229.257 9545.093 6316.863 9478.365 7417.570 7916.906 7237.445 8092.528 8537.519 7037.056 8393.828 6316.863 9478.365 6694.102
25.786 7526.223 6118.911 9367.349 6204.775 9302.006 7284.354 7772.381 7106.704 7945.640 8382.516 6909.860 8239.375 6204.775 9302.006 6576.410
25.886 7390.337 6010.824 9193.665 6095.057 9129.497 7153.933 7631.018 6978.846 7801.930 8230.940 6785.323 8088.242 6095.057 9129.497 6461.121
25.987 7257.537 5905.163 9023.781 5987.673 8960.781 7026.264 7492.670 6853.623 7661.348 8082.536 6663.504 7940.379 5987.673 8960.781 6348.198
26.087 7127.474 5801.591 8857.540 5882.589 8795.702 6901.408 7357.291 6731.098 7523.749 7937.359 6544.264 7795.637 5882.589 8795.702 6237.604
26.187 7000.159 5700.215 8694.951 5779.710 8634.369 6779.068 7224.891 6611.278 7389.141 7795.216 6427.609 7654.126 5779.710 8634.369 6129.450
26.288 6875.650 5601.003 8535.861 5678.902 8476.427 6659.408 7095.323 6493.922 7257.378 7656.160 6313.502 7515.698 5678.902 8476.427 6023.396
26.388 6753.706 5503.822 8380.318 5580.234 8321.927 6542.188 6968.447 6378.993 7128.320 7520.047 6201.703 7380.209 5580.234 8321.927 5919.510
26.488 6634.336 5408.680 8228.031 5483.613 8170.776 6427.515 6844.371 6266.499 7002.174 7386.786 6092.223 7247.667 5483.613 8170.776 5817.901
26.589 6517.501 5315.445 8079.152 5388.908 8022.828 6315.154 6722.855 6156.403 6878.599 7256.234 5985.125 7117.928 5388.908 8022.828 5718.235
26.689 6403.066 5224.190 7933.333 5296.289 7878.135 6205.170 6603.961 6048.573 6757.558 7128.550 5880.277 6990.853 5296.289 7878.135 5620.682
26.789 6291.137 5134.722 7790.685 5205.464 7736.506 6097.470 6487.498 5943.115 6639.159 7003.444 5777.585 6866.550 5205.464 7736.506 5525.049
26.890 6181.380 5047.211 7651.061 5116.603 7597.897 5992.020 6373.528 5839.696 6523.164 6881.076 5677.117 6744.881 5116.603 7597.897 5431.407
26.990 6074.062 4961.333 7514.520 5029.482 7462.166 5888.690 6261.918 5738.485 6409.639 6761.111 5578.644 6625.807 5029.482 7462.166 5339.627
27.090 5968.891 4877.294 7380.771 4944.106 7329.422 5787.487 6152.674 5639.390 6298.392 6643.655 5482.173 6509.238 4944.106 7329.422 5249.718
27.191 5865.935 4794.869 7249.873 4860.549 7199.425 5688.380 6045.666 5542.281 6189.490 6528.674 5387.773 6395.137 4860.549 7199.425 5161.651
27.291 5765.063 4714.232 7121.787 4778.589 7072.236 5591.340 5940.959 5447.228 6082.899 6416.133 5295.318 6283.372 4778.589 7072.236 5075.301
27.391 5666.284 4635.093 6996.324 4698.329 6947.665 5496.274 5838.363 5354.041 5978.429 6305.743 5204.716 6173.951 4698.329 6947.665 4990.676
27.492 5569.470 4557.625 6873.544 4619.649 6825.773 5403.057 5737.848 5262.791 5876.149 6197.769 5116.037 6066.742 4619.649 6825.773 4907.750
27.592 5474.690 4481.708 6753.314 4542.623 6706.328 5311.760 5639.484 5173.352 5775.929 6091.882 5029.060 5961.813 4542.623 6706.328 4826.500
27.692 5381.755 4407.250 6635.641 4467.061 6589.437 5222.389 5543.080 5085.831 5677.778 5988.190 4943.986 5859.072 4467.061 6589.437 4746.736
27.793 5290.835 4334.326 6520.393 4393.040 6475.064 5134.722 5448.608 5000.004 5581.568 5886.662 4860.499 5758.391 4393.040 6475.064 4668.630
27.893 5201.609 4262.722 6407.440 4320.440 6362.884 5048.833 5356.043 4915.946 5487.272 5787.073 4778.769 5659.840 4320.440 6362.884 4592.064
27.993 5114.280 4192.638 6296.886 4249.267 6253.101 4964.630 5265.487 4833.565 5394.996 5689.626 4698.704 5563.328 4249.267 6253.101 4516.945
28.094 5028.629 4123.955 6188.700 4179.599 6145.584 4882.187 5176.624 4752.837 5304.517 5594.001 4620.186 5468.730 4179.599 6145.584 4443.349
28.194 4944.728 4056.559 6082.561 4111.222 6040.304 4801.287 5089.622 4673.645 5215.811 5500.367 4543.191 5376.019 4111.222 6040.304 4371.159
28.294 4862.487 3990.455 5978.766 4044.141 5937.171 4722.033 5004.392 4596.089 5128.982 5408.632 4467.823 5285.203 4044.141 5937.171 4300.382
28.395 4781.980 3925.720 5876.995 3978.434 5836.060 4644.306 4920.812 4520.053 5043.810 5318.674 4393.868 5196.255 3978.434 5836.060 4230.996
28.495 4702.991 3862.146 5777.222 3913.988 5737.040 4568.182 4838.860 4445.515 4960.275 5230.471 4321.498 5109.056 3913.988 5737.040 4162.888
28.595 4625.527 3799.928 5679.550 3850.807 5640.021 4493.473 4758.638 4372.480 4878.477 5144.027 4250.430 5023.611 3850.807 5640.021 4096.159
28.696 4549.558 3738.755 5583.845 3788.770 5544.966 4420.248 4679.924 4300.922 4798.290 5059.310 4180.828 4939.888 3788.770 5544.966 4030.687
28.796 4475.186 3678.920 5490.114 3727.980 5451.881 4348.512 4602.819 4230.653 4719.623 4976.230 4112.603 4857.892 3727.980 5451.881 3966.381
28.896 4402.199 3620.119 5398.138 3668.420 5360.646 4278.149 4527.206 4161.846 4642.552 4894.861 4045.639 4777.410 3668.420 5360.646 3903.416
28.997 4330.674 3562.433 5308.088 3609.882 5271.141 4209.046 4453.161 4094.292 4566.960 4814.989 3980.016 4698.612 3609.882 5271.141 3841.585
29.097 4260.520 3505.962 5219.871 3552.562 5183.468 4141.400 4380.499 4028.092 4492.854 4736.718 3915.737 4621.313 3552.562 5183.468 3780.988
29.197 4191.720 3450.500 5133.276 3496.255 5097.604 4075.001 4309.201 3963.228 4420.213 4659.930 3852.597 4545.588 3496.255 5097.604 3721.513
29.298 4124.256 3396.033 5048.470 3441.137 5013.336 4009.833 4239.344 3899.493 4348.924 4584.606 3790.673 4471.323 3441.137 5013.336 3663.051
29.398 4058.038 3342.661 4965.364 3386.927 4930.766 3945.997 4170.837 3837.083 4279.087 4510.753 3729.971 4398.522 3386.927 4930.766 3605.797
29.498 3993.144 3290.275 4883.842 3333.802 4849.872 3883.285 4103.665 3775.886 4210.496 4438.351 3670.475 4327.073 3333.802 4849.872 3549.545
29.599 3929.557 3238.862 4803.978 3281.653 4770.539 3821.872 4037.809 3715.793 4143.227 4367.382 3612.076 4257.052 3281.653 4770.539 3494.472
29.699 3867.095 3188.427 4725.684 3230.484 4692.680 3761.574 3973.181 3656.809 4077.286 4297.662 3554.777 4188.370 3230.484 4692.680 3440.299
29.799 3805.834 3138.957 4648.845 3180.378 4616.462 3702.376 3909.763 3599.012 4012.657 4229.364 3498.660 4121.104 3180.378 4616.462 3387.106
29.900 3745.762 3090.345 4573.538 3131.038 4541.678 3644.357 3847.636 3542.295 3949.228 4162.281 3443.522 4055.050 3131.038 4541.678 3334.975
30.000 3686.787 3042.690 4499.672 3082.659 4468.335 3587.334 3786.615 3486.662 3886.912 4096.514 3389.461 3990.306 3082.659 4468.335 3283.816
