545367
545345
545332
545312
545311
545296
545295
545294
545291
545289
545262
545249
545246
545223
545222
545210
545185
545184
545171
545117
545103
545086
545066
545064
545063
545062
545060
545047
545044
545042
545041
545009
545008
545004
544992
544991
544968
544964
544963
544961
544947
544931
544917
544914
544913
544911
544896
544887
544886
544868
544813
544797
544795
544794
544767
544754
544742
544739
544696
544694
544693
544692
544674
544672
544653
544652
544640
544614
544585
544583
544582
544580
544568
544567
544565
544564
544551
544550
544549
544548
544518
544515
544514
544512
544511
544510
544508
544492
544491
544490
544477
544476
544475
544474
544454
544451
544392
544391
544390
544389
544185
544184
544124
544123
544122
544121
544116
544098
544095
544091
544032
544028
544013